0.999,0.0,0.001,0.0
0.9981,0.0009,0.001,0.0
0.99755,0.00145,0.0008,0.0002
0.997,0.00175,0.00095,0.0003
0.99635,0.00215,0.00115,0.00035
0.99525,0.0025,0.0018,0.00045
0.99395,0.0037,0.00185,0.0005
0.99235,0.00455,0.00245,0.00065
0.9904,0.00575,0.00295,0.0009
0.98845,0.00655,0.00385,0.00115
0.98525,0.0081,0.0052,0.00145
0.98165,0.0104,0.00615,0.0018
0.97725,0.0128,0.00765,0.0023
0.97115,0.0163,0.00945,0.0031
0.9647,0.01975,0.0117,0.00385
0.9564,0.0239,0.0146,0.0051
0.94485,0.0316,0.0171,0.00645
0.9337,0.0374,0.02065,0.00825
0.91815,0.04555,0.02615,0.01015
0.8986,0.057,0.032,0.0124
0.87835,0.0668,0.0393,0.01555
0.85035,0.0811,0.0491,0.01945
0.8192,0.09815,0.059,0.02365
0.783,0.1157,0.0722,0.0291
0.74135,0.13525,0.0873,0.0361
0.69345,0.1562,0.10545,0.0449
0.63615,0.18265,0.1269,0.0543
0.5763,0.20755,0.15095,0.0652
0.5105,0.2331,0.17395,0.08245
0.4485,0.2461,0.20555,0.09985
0.38455,0.2593,0.23685,0.1193
0.31585,0.27235,0.2709,0.1409
0.2572,0.272,0.3017,0.1691
0.20475,0.263,0.32925,0.203
0.15845,0.2516,0.3511,0.23885
0.1187,0.2336,0.36945,0.27825
0.0879,0.2095,0.3834,0.3192
0.06505,0.1811,0.3921,0.36175
0.04915,0.1533,0.3904,0.40715
0.03635,0.1292,0.38205,0.4524
0.02815,0.10405,0.3689,0.4989
0.0227,0.0846,0.3498,0.5429
0.0191,0.06535,0.32915,0.5864
0.0171,0.0529,0.3048,0.6252
0.01495,0.042,0.2817,0.66135
0.01335,0.0345,0.25595,0.6962
0.014,0.02665,0.2308,0.72855
0.013,0.02265,0.20815,0.7562
0.01325,0.01935,0.1876,0.7798
0.01385,0.01605,0.16875,0.80135
0.01495,0.01315,0.1492,0.8227
0.01575,0.0114,0.13395,0.8389
0.0169,0.00935,0.11925,0.8545
0.0184,0.0083,0.1072,0.8661
0.0201,0.00725,0.09505,0.8776
0.02155,0.0067,0.08445,0.8873
0.0232,0.006,0.0748,0.896
0.02475,0.006,0.06455,0.9047
0.0263,0.0056,0.05765,0.91045
0.0292,0.005,0.05155,0.91425
0.0311,0.0048,0.04615,0.91795
0.03345,0.00415,0.04065,0.92175
0.03525,0.00375,0.0374,0.9236
0.0375,0.00375,0.03305,0.9257
0.03975,0.00405,0.02915,0.92705
0.0422,0.00385,0.02565,0.9283
0.0449,0.00385,0.0226,0.92865
0.0475,0.00365,0.02045,0.9284
0.05045,0.0035,0.01885,0.9272
0.05305,0.00355,0.01665,0.92675
0.05545,0.00305,0.01505,0.92645
0.05865,0.0028,0.0139,0.92465
0.061,0.00265,0.01255,0.9238
0.06355,0.0029,0.0111,0.92245
0.06645,0.003,0.01015,0.9204
0.06915,0.0029,0.0091,0.91885
0.0715,0.00255,0.0081,0.91785
0.07465,0.0026,0.0073,0.91545
0.07705,0.0023,0.00665,0.914
0.08005,0.00205,0.0062,0.9117
0.08245,0.00165,0.00615,0.90975
0.08535,0.0017,0.0051,0.90785
0.0877,0.0017,0.0049,0.9057
0.09005,0.0019,0.00445,0.9036
0.09375,0.0019,0.0042,0.90015
0.09675,0.00175,0.0039,0.8976
0.09985,0.00155,0.00405,0.89455
0.10265,0.0015,0.0038,0.89205
0.1049,0.00175,0.00375,0.8896
0.10725,0.0016,0.0036,0.88755
0.1093,0.0019,0.0038,0.885
0.11225,0.002,0.00375,0.882
0.1147,0.00165,0.0038,0.87985
0.11715,0.0014,0.0038,0.87765
0.1197,0.0015,0.00385,0.87495
0.1231,0.0014,0.00365,0.87185
0.1257,0.00135,0.00345,0.8695
0.12805,0.0015,0.0031,0.86735
0.1302,0.0017,0.00295,0.86515
0.1323,0.00165,0.003,0.86305
0.13425,0.0016,0.0029,0.86125
0.13695,0.0016,0.0026,0.85885
0.1391,0.0014,0.0026,0.8569
0.14135,0.0013,0.00255,0.8548
0.1438,0.0011,0.0026,0.8525
0.1465,0.00115,0.00245,0.8499
0.1489,0.00095,0.0024,0.84775
0.1508,0.0013,0.0025,0.8454
0.15295,0.00155,0.00225,0.84325
0.15645,0.0013,0.0023,0.83995
0.15875,0.0013,0.00255,0.8374
0.1615,0.00125,0.00235,0.8349
0.16375,0.0012,0.002,0.83305
0.16615,0.0013,0.00195,0.8306
0.1685,0.0013,0.0019,0.8283
0.1713,0.00115,0.00195,0.8256
0.1737,0.00115,0.00205,0.8231
0.17575,0.0011,0.0022,0.82095
0.1784,0.001,0.0022,0.8184
0.18045,0.0012,0.00205,0.8163
0.1827,0.00105,0.00205,0.8142
0.1847,0.0009,0.00205,0.81235
0.1867,0.00085,0.0023,0.81015
0.1886,0.00095,0.0021,0.80835
0.19055,0.00085,0.0021,0.8065
0.1933,0.00095,0.00175,0.804
0.19515,0.001,0.00145,0.8024
0.19755,0.00085,0.00135,0.80025
0.1998,0.00065,0.00165,0.7979
0.2017,0.00065,0.00175,0.7959
0.20365,0.00065,0.00175,0.79395
0.2057,0.0008,0.0018,0.7917
0.20835,0.0009,0.0018,0.78895
0.20995,0.00115,0.00165,0.78725
0.21195,0.0013,0.00165,0.7851
0.2141,0.0012,0.00175,0.78295
0.2161,0.00095,0.002,0.78095
0.2179,0.0011,0.0019,0.7791
0.21935,0.0011,0.002,0.77755
0.22155,0.00115,0.0022,0.7751
0.22315,0.00125,0.002,0.7736
0.22535,0.00135,0.002,0.7713
0.2274,0.0012,0.00225,0.76915
0.2293,0.00135,0.0023,0.76705
0.23105,0.0014,0.00245,0.7651
0.23295,0.0015,0.00225,0.7633
0.23515,0.00145,0.0024,0.761
0.23695,0.00155,0.00265,0.75885
0.23905,0.00135,0.0027,0.7569
0.24045,0.0018,0.0026,0.75515
0.24195,0.00165,0.00275,0.75365
0.24335,0.00195,0.00235,0.75235
0.2454,0.0019,0.00235,0.75035
0.24725,0.00185,0.00255,0.74835
0.24905,0.00165,0.0029,0.7464
0.2504,0.00145,0.00325,0.7449
0.25225,0.00155,0.0035,0.7427
0.2541,0.0019,0.00325,0.74075
0.2558,0.00205,0.0035,0.73865
0.2576,0.0023,0.0035,0.7366
0.25915,0.00235,0.0036,0.7349
0.26045,0.00245,0.0034,0.7337
0.2626,0.0024,0.00375,0.73125
0.26435,0.00245,0.00365,0.72955
0.26595,0.0027,0.00365,0.7277
0.26775,0.003,0.00375,0.7255
0.26935,0.003,0.00405,0.7236
0.2706,0.0031,0.0041,0.7222
0.2713,0.00355,0.0044,0.72075
0.27255,0.00415,0.00435,0.71895
0.2733,0.0045,0.00425,0.71795
0.2748,0.00435,0.00455,0.7163
0.27595,0.0046,0.0048,0.71465
0.27725,0.0043,0.00505,0.7134
0.27845,0.0041,0.00565,0.7118
0.27975,0.0048,0.0054,0.71005
0.2804,0.0047,0.0059,0.709
0.2808,0.0049,0.0062,0.7081
0.281,0.00565,0.00605,0.7073
0.2818,0.00585,0.00635,0.706
0.28225,0.0062,0.00705,0.7045
0.28285,0.00675,0.00775,0.70265
0.28365,0.00695,0.00825,0.70115
0.284,0.0071,0.0086,0.7003
0.2844,0.0078,0.0089,0.6989
0.28435,0.008,0.009,0.69865
0.28415,0.00855,0.0089,0.6984
0.2846,0.0082,0.01025,0.69695
0.2845,0.0086,0.0109,0.696
0.2842,0.009,0.01145,0.69535
0.28345,0.00975,0.0119,0.6949
0.2825,0.01055,0.01285,0.6941
0.2811,0.0113,0.01355,0.69405
0.281,0.01125,0.0147,0.69305
0.27945,0.01235,0.0155,0.6927
0.2781,0.01265,0.01685,0.6924
0.27635,0.0135,0.0172,0.69295
0.27475,0.0148,0.018,0.69245
0.2735,0.01515,0.01875,0.6926
0.27195,0.0159,0.01985,0.6923
0.2698,0.0174,0.0202,0.6926
0.2683,0.01785,0.0215,0.69235
0.26675,0.01745,0.02285,0.69295
0.2637,0.01885,0.02425,0.6932
0.26125,0.01945,0.0264,0.6929
0.25825,0.02085,0.0274,0.6935
0.25525,0.022,0.0288,0.69395
0.25255,0.02225,0.02965,0.69555
0.249,0.02345,0.03125,0.6963
0.2465,0.0237,0.03215,0.69765
0.24275,0.0241,0.0342,0.69895
0.2387,0.0257,0.0352,0.7004
0.2339,0.0285,0.0354,0.7022
0.22975,0.0297,0.03695,0.7036
0.2256,0.02895,0.0395,0.70595
0.2212,0.02905,0.04195,0.7078
0.21585,0.03085,0.04275,0.71055
0.21205,0.0302,0.0443,0.71345
0.20675,0.0315,0.04565,0.7161
0.20325,0.0314,0.047,0.71835
0.19875,0.0312,0.0484,0.72165
0.1933,0.0321,0.0486,0.726
0.18945,0.0313,0.04995,0.7293
0.18465,0.0328,0.0511,0.73145
0.18005,0.03225,0.05195,0.73575
0.17675,0.031,0.0543,0.73795
0.1733,0.03015,0.0558,0.74075
0.16855,0.03125,0.05505,0.74515
0.1648,0.0316,0.05405,0.74955
0.161,0.0315,0.0545,0.753
0.15745,0.03175,0.05485,0.75595
0.15535,0.0307,0.0541,0.75985
0.1521,0.03005,0.05505,0.7628
0.14935,0.03005,0.05435,0.76625
0.14485,0.0307,0.05375,0.7707
0.1418,0.0304,0.0541,0.7737
0.1385,0.03065,0.0524,0.77845
0.13585,0.0287,0.05445,0.781
0.13315,0.02765,0.05475,0.78445
0.1314,0.02655,0.0543,0.78775
0.1294,0.02705,0.05295,0.7906
0.1276,0.0258,0.05325,0.79335
0.1245,0.02635,0.0525,0.79665
0.12485,0.02485,0.05155,0.79875
0.12325,0.02415,0.05065,0.80195
0.1222,0.02305,0.05075,0.804
0.12225,0.0216,0.0502,0.80595
0.1203,0.0222,0.0478,0.8097
0.12025,0.02205,0.047,0.8107
0.1191,0.0217,0.04635,0.81285
0.119,0.02,0.0464,0.8146
0.119,0.019,0.04705,0.81495
0.11895,0.0193,0.04555,0.8162
0.11695,0.0196,0.04455,0.8189
0.11695,0.0194,0.04315,0.8205
0.11595,0.01845,0.04265,0.82295
0.1157,0.0183,0.0426,0.8234
0.1168,0.0175,0.0418,0.8239
0.11815,0.01775,0.0402,0.8239
0.1192,0.0165,0.03915,0.82515
0.1196,0.01665,0.03825,0.8255
0.1206,0.01695,0.03675,0.8257
0.12255,0.01665,0.03485,0.82595
0.1236,0.0157,0.0347,0.826
0.12565,0.01505,0.03445,0.82485
0.126,0.01455,0.03335,0.8261
0.12685,0.0141,0.0325,0.82655
0.12775,0.0139,0.03125,0.8271
0.1291,0.01385,0.03055,0.8265
0.13,0.0138,0.03025,0.82595
0.13185,0.0136,0.02905,0.8255
0.13415,0.0137,0.0278,0.82435
0.13775,0.0127,0.02805,0.8215
0.1393,0.01255,0.02775,0.8204
0.1405,0.01285,0.0271,0.81955
0.141,0.0135,0.026,0.8195
0.1428,0.0127,0.02555,0.81895
0.1445,0.013,0.02425,0.81825
0.1455,0.0131,0.02445,0.81695
0.1466,0.01365,0.0239,0.81585
0.148,0.01295,0.02435,0.8147
0.1491,0.01275,0.02455,0.8136
0.15125,0.0129,0.02435,0.8115
0.15245,0.01245,0.02455,0.81055
0.15455,0.0117,0.02445,0.8093
0.15645,0.01265,0.0235,0.8074
0.1578,0.0124,0.023,0.8068
0.1591,0.01205,0.0233,0.80555
0.16055,0.0125,0.0224,0.80455
0.16205,0.01245,0.0222,0.8033
0.16335,0.0122,0.02265,0.8018
0.16435,0.01225,0.02255,0.80085
0.16495,0.01235,0.02265,0.80005
0.1675,0.013,0.02295,0.79655
0.1697,0.0132,0.02345,0.79365
0.1699,0.01355,0.02365,0.7929
0.1711,0.0124,0.0246,0.7919
0.1723,0.01325,0.02425,0.7902
0.17385,0.01355,0.024,0.7886
0.1744,0.01355,0.0242,0.78785
0.176,0.01305,0.0246,0.78635
0.1773,0.01355,0.02465,0.7845
0.17795,0.0138,0.02435,0.7839
0.17955,0.0144,0.02445,0.7816
0.18075,0.01445,0.02395,0.78085
0.181,0.0144,0.024,0.7806
0.18235,0.01495,0.0245,0.7782
0.18265,0.01645,0.02385,0.77705
0.1824,0.01665,0.02475,0.7762
0.18355,0.0169,0.02515,0.7744
0.1843,0.01715,0.0249,0.77365
0.18475,0.0168,0.0265,0.77195
0.1848,0.0173,0.02695,0.77095
0.1847,0.0178,0.0281,0.7694
0.18505,0.01835,0.0281,0.7685
0.1855,0.0171,0.0298,0.7676
0.1865,0.0174,0.0309,0.7652
0.1864,0.0179,0.03135,0.76435
0.1859,0.0182,0.03125,0.76465
0.186,0.01865,0.03095,0.7644
0.186,0.01975,0.03105,0.7632
0.18575,0.01935,0.0319,0.763
0.1858,0.02035,0.03225,0.7616
0.18495,0.0204,0.03245,0.7622
0.1855,0.0205,0.03205,0.76195
0.18575,0.0199,0.0331,0.76125
0.1865,0.01965,0.0335,0.76035
0.18595,0.02045,0.0332,0.7604
0.1861,0.0204,0.0336,0.7599
0.1843,0.02055,0.0348,0.76035
0.18335,0.02155,0.0352,0.7599
0.18215,0.0225,0.03505,0.7603
0.1818,0.022,0.0358,0.7604
0.1821,0.0222,0.0363,0.7594
0.18165,0.0238,0.0365,0.75805
0.1833,0.02345,0.0372,0.75605
0.18295,0.0236,0.03765,0.7558
0.1823,0.02335,0.03815,0.7562
0.1817,0.02355,0.0389,0.75585
0.18075,0.02445,0.0386,0.7562
0.1809,0.02385,0.0391,0.75615
0.1791,0.02385,0.0407,0.75635
0.17795,0.0241,0.0412,0.75675
0.177,0.0247,0.04145,0.75685
0.1757,0.02605,0.0411,0.75715
0.17545,0.0251,0.04225,0.7572
0.1743,0.02575,0.0423,0.75765
0.17195,0.0262,0.04295,0.7589
0.1707,0.02665,0.04295,0.7597
0.1709,0.02665,0.04345,0.759
0.16975,0.0264,0.04375,0.7601
0.1685,0.02695,0.0445,0.76005
0.16855,0.02755,0.04455,0.75935
0.16695,0.0277,0.0448,0.76055
0.1656,0.02735,0.04535,0.7617
0.1645,0.027,0.04585,0.76265
0.16215,0.02785,0.04615,0.76385
0.16095,0.02765,0.0467,0.7647
0.1622,0.02665,0.0474,0.76375
0.16015,0.0267,0.04805,0.7651
0.15965,0.02695,0.0474,0.766
0.1574,0.0274,0.0481,0.7671
0.1567,0.02815,0.04765,0.7675
0.15485,0.02765,0.0476,0.7699
0.15405,0.0279,0.0477,0.77035
0.15265,0.02735,0.04785,0.77215
0.15115,0.02645,0.04945,0.77295
0.15085,0.02625,0.04935,0.77355
0.1502,0.0255,0.0488,0.7755
0.1505,0.02395,0.0488,0.77675
0.14965,0.025,0.0475,0.77785
0.1491,0.02445,0.04745,0.779
0.1477,0.0248,0.04685,0.78065
0.14745,0.02405,0.0465,0.782
0.1483,0.0237,0.0465,0.7815
0.14865,0.02335,0.0465,0.7815
0.1481,0.02355,0.0462,0.78215
0.1473,0.02385,0.04675,0.7821
0.1472,0.02325,0.04615,0.7834
0.14575,0.0238,0.045,0.78545
0.1451,0.0245,0.04405,0.78635
0.1451,0.02385,0.04505,0.786
0.1445,0.0243,0.04435,0.78685
0.1455,0.02395,0.0446,0.78595
0.14565,0.02365,0.04435,0.78635
0.14495,0.02325,0.04415,0.78765
0.1447,0.0247,0.0433,0.7873
0.1441,0.0248,0.04375,0.78735
0.1444,0.02455,0.0433,0.78775
0.1456,0.0232,0.04375,0.78745
0.14525,0.0229,0.04445,0.7874
0.14495,0.02365,0.04355,0.78785
0.1453,0.0229,0.04325,0.78855
0.14485,0.02385,0.0426,0.7887
0.1454,0.02345,0.0429,0.78825
0.1462,0.02225,0.0434,0.78815
0.14665,0.02155,0.04285,0.78895
0.1475,0.0216,0.04205,0.78885
0.14795,0.0202,0.0424,0.78945
0.1489,0.02065,0.0418,0.78865
0.14765,0.02155,0.0415,0.7893
0.14875,0.0216,0.0395,0.79015
0.1502,0.02065,0.03945,0.7897
0.1516,0.02065,0.039,0.78875
0.153,0.0205,0.0376,0.7889
0.1528,0.0201,0.038,0.7891
0.1529,0.0199,0.0378,0.7894
0.1534,0.01995,0.0372,0.78945
0.15405,0.0207,0.0369,0.78835
0.15545,0.02005,0.0373,0.7872
0.15485,0.0204,0.03665,0.7881
0.15595,0.0198,0.0376,0.78665
0.1558,0.0209,0.0371,0.7862
0.1563,0.02035,0.0381,0.78525
0.15745,0.0203,0.0385,0.78375
0.15915,0.02,0.03765,0.7832
0.1604,0.01925,0.03725,0.7831
0.1608,0.01855,0.03765,0.783
0.15995,0.01955,0.03735,0.78315
0.16045,0.02,0.0375,0.78205
0.16125,0.01995,0.03745,0.78135
0.16015,0.02105,0.03685,0.78195
0.16125,0.0208,0.03715,0.7808
0.1627,0.02075,0.03605,0.7805
0.16325,0.02005,0.037,0.7797
0.1636,0.0201,0.0379,0.7784
0.1646,0.01945,0.03755,0.7784
0.16625,0.0186,0.03795,0.7772
0.16605,0.01945,0.0371,0.7774
0.1664,0.02045,0.03675,0.7764
0.1654,0.0219,0.0358,0.7769
0.16695,0.02085,0.03635,0.77585
0.16615,0.0214,0.03655,0.7759
0.1653,0.0216,0.0376,0.7755
0.16495,0.02165,0.0387,0.7747
0.1642,0.0218,0.0387,0.7753
0.16485,0.02175,0.03835,0.77505
0.1657,0.0204,0.0391,0.7748
0.16555,0.0206,0.0392,0.77465
0.16505,0.02075,0.04015,0.77405
0.1647,0.0212,0.03915,0.77495
0.16355,0.0223,0.03845,0.7757
0.16255,0.02295,0.0385,0.776
0.16305,0.0216,0.0393,0.77605
0.1624,0.0222,0.03935,0.77605
0.1627,0.0224,0.0383,0.7766
0.1621,0.02275,0.03905,0.7761
0.1621,0.0225,0.03885,0.77655
0.16195,0.02195,0.0405,0.7756
0.1609,0.02175,0.04075,0.7766
0.1601,0.0217,0.041,0.7772
0.1599,0.0211,0.04115,0.77785
0.16,0.02125,0.0408,0.77795
0.15885,0.02275,0.0404,0.778
0.1584,0.0231,0.0404,0.7781
0.1576,0.02365,0.0402,0.77855
0.15665,0.02425,0.0397,0.7794
0.1565,0.0237,0.03985,0.77995
0.1564,0.0235,0.04,0.7801
0.15695,0.02215,0.04105,0.77985
0.1564,0.023,0.0412,0.7794
0.156,0.02315,0.0417,0.77915
0.15505,0.02305,0.0427,0.7792
0.1549,0.0231,0.0428,0.7792
0.154,0.0227,0.04285,0.78045
0.1542,0.02225,0.0426,0.78095
0.15365,0.02185,0.04345,0.78105
0.1546,0.02155,0.0437,0.78015
0.1534,0.02205,0.04415,0.7804
0.1543,0.0215,0.0446,0.7796
0.15375,0.0215,0.04385,0.7809
0.1533,0.022,0.04325,0.78145
0.15275,0.0229,0.04225,0.7821
0.15205,0.02305,0.0413,0.7836
0.15175,0.02315,0.0412,0.7839
0.1507,0.02325,0.04075,0.7853
0.1515,0.0222,0.0409,0.7854
0.1516,0.02185,0.0408,0.78575
0.1516,0.02235,0.04045,0.7856
0.1519,0.0222,0.0398,0.7861
0.1517,0.0218,0.041,0.7855
0.1517,0.023,0.04,0.7853
0.15075,0.0239,0.0392,0.78615
0.1507,0.0226,0.0405,0.7862
0.1516,0.02165,0.04045,0.7863
0.1516,0.02045,0.0411,0.78685
0.151,0.0207,0.041,0.7873
0.14995,0.02265,0.03925,0.78815
0.15045,0.0223,0.0377,0.78955
0.1526,0.02115,0.0371,0.78915
0.1533,0.02065,0.0378,0.78825
0.1539,0.02015,0.03775,0.7882
0.15425,0.01925,0.03835,0.78815
0.15415,0.0203,0.03715,0.7884
0.15405,0.02105,0.0369,0.788
0.1551,0.0213,0.03705,0.78655
0.15435,0.0211,0.0373,0.78725
0.15515,0.02055,0.03705,0.78725
0.156,0.02015,0.03715,0.7867
0.15685,0.02,0.03695,0.7862
0.1568,0.0202,0.0359,0.7871
0.15755,0.01935,0.03655,0.78655
0.1578,0.01905,0.03675,0.7864
0.15765,0.02015,0.03555,0.78665
0.1581,0.0198,0.0364,0.7857
0.15855,0.01965,0.03675,0.78505
0.15945,0.01975,0.03635,0.78445
0.1607,0.0198,0.03615,0.78335
0.16035,0.01995,0.0363,0.7834
0.16005,0.02015,0.0364,0.7834
0.16005,0.0196,0.03645,0.7839
0.1602,0.01885,0.03605,0.7849
0.16035,0.0198,0.0366,0.78325
0.1614,0.01885,0.03685,0.7829
0.163,0.01765,0.03755,0.7818
0.1636,0.0175,0.0375,0.7814
0.1642,0.0184,0.03585,0.78155
0.1645,0.01905,0.03535,0.7811
0.16445,0.0199,0.035,0.78065
0.16585,0.01975,0.03495,0.77945
0.1666,0.01995,0.03485,0.7786
0.1664,0.02015,0.0354,0.77805
0.167,0.0195,0.0362,0.7773
0.1675,0.01955,0.0366,0.77635
0.1669,0.02075,0.03605,0.7763
0.168,0.0215,0.0352,0.7753
0.16835,0.0216,0.03615,0.7739
0.16905,0.02175,0.0363,0.7729
0.1692,0.0224,0.03635,0.77205
0.1698,0.0211,0.037,0.7721
0.16935,0.0211,0.0379,0.77165
0.1695,0.0216,0.03805,0.77085
0.1684,0.0226,0.0378,0.7712
0.1677,0.02315,0.0395,0.76965
0.1678,0.0229,0.0396,0.7697
0.16715,0.0227,0.0403,0.76985
0.16455,0.0239,0.04145,0.7701
0.1638,0.02455,0.04005,0.7716
0.1632,0.02405,0.04025,0.7725
0.1637,0.02325,0.0408,0.77225
0.16405,0.02315,0.04125,0.77155
0.16305,0.02405,0.04145,0.77145
0.1627,0.0247,0.04105,0.77155
0.1628,0.02385,0.0417,0.77165
0.16295,0.0221,0.04365,0.7713
0.1622,0.02255,0.0432,0.77205
0.162,0.02355,0.04315,0.7713
0.1615,0.0224,0.0454,0.7707
0.1618,0.02205,0.0451,0.77105
0.1604,0.02275,0.04455,0.7723
0.15995,0.02325,0.04405,0.77275
0.1585,0.02385,0.0447,0.77295
0.1578,0.02525,0.04335,0.7736
0.15855,0.02495,0.0443,0.7722
0.1569,0.0264,0.04335,0.77335
0.15775,0.0253,0.0432,0.77375
0.15855,0.0236,0.044,0.77385
0.1593,0.02195,0.0441,0.77465
0.15775,0.0231,0.0436,0.77555
0.1568,0.0245,0.04265,0.77605
0.1564,0.0237,0.0431,0.7768
0.156,0.0239,0.04275,0.77735
0.15515,0.024,0.0438,0.77705
0.156,0.02305,0.0441,0.77685
0.15585,0.02255,0.0431,0.7785
0.1548,0.02465,0.04165,0.7789
0.1547,0.02375,0.04275,0.7788
0.1545,0.02405,0.0432,0.77825
0.15495,0.0224,0.0446,0.77805
0.15435,0.0234,0.04285,0.7794
0.15515,0.0227,0.04285,0.7793
0.1543,0.0231,0.04375,0.77885
0.15405,0.02415,0.04195,0.77985
0.15355,0.02395,0.0423,0.7802
0.1535,0.02345,0.0429,0.78015
0.15295,0.0232,0.04335,0.7805
0.1526,0.02435,0.04335,0.7797
0.1536,0.02265,0.04435,0.7794
0.15275,0.0234,0.04425,0.7796
0.15295,0.02355,0.04415,0.77935
0.1534,0.02345,0.04375,0.7794
0.15275,0.02405,0.0429,0.7803
0.15365,0.02245,0.0426,0.7813
0.1519,0.0235,0.0415,0.7831
0.15185,0.02345,0.0409,0.7838
0.15335,0.02235,0.04145,0.78285
0.15455,0.0212,0.0415,0.78275
0.1553,0.02045,0.0414,0.78285
0.1559,0.02115,0.0405,0.78245
0.1577,0.02035,0.04065,0.7813
0.15835,0.02075,0.04015,0.78075
0.1581,0.02135,0.03985,0.7807
0.15885,0.02165,0.0401,0.7794
0.16015,0.0217,0.0391,0.77905
0.16005,0.0224,0.03875,0.7788
0.1608,0.0219,0.0386,0.7787
0.15975,0.02265,0.0377,0.7799
0.1614,0.0217,0.0375,0.7794
0.16315,0.0203,0.0382,0.77835
0.1632,0.02075,0.0382,0.77785
0.16325,0.0213,0.03805,0.7774
0.1638,0.0217,0.0376,0.7769
0.1636,0.0216,0.0373,0.7775
0.1637,0.02295,0.0368,0.77655
0.1658,0.02255,0.03725,0.7744
0.1659,0.0221,0.0376,0.7744
0.1662,0.0214,0.0383,0.7741
0.16565,0.02115,0.03895,0.77425
0.1664,0.022,0.03885,0.77275
0.16745,0.02135,0.0404,0.7708
0.16755,0.02155,0.0405,0.7704
0.1679,0.02165,0.0391,0.77135
0.1688,0.0229,0.0391,0.7692
0.1693,0.0221,0.04,0.7686
0.16915,0.0223,0.0409,0.76765
0.1704,0.02215,0.03955,0.7679
0.1708,0.02275,0.03935,0.7671
0.17105,0.0227,0.03905,0.7672
0.17115,0.0228,0.0395,0.76655
0.1727,0.02165,0.04025,0.7654
0.1728,0.02185,0.03955,0.7658
0.1722,0.02195,0.0402,0.76565
0.17135,0.0228,0.04015,0.7657
0.17105,0.0226,0.04155,0.7648
0.17135,0.02265,0.0425,0.7635
0.1706,0.0235,0.0415,0.7644
0.1702,0.0237,0.04135,0.76475
0.1703,0.02305,0.0422,0.76445
0.16935,0.02295,0.04265,0.76505
0.16875,0.02395,0.0419,0.7654
0.1681,0.02415,0.0427,0.76505
0.1673,0.02525,0.0424,0.76505
0.16655,0.0252,0.04345,0.7648
0.16575,0.026,0.04295,0.7653
0.16475,0.02675,0.0442,0.7643
0.1643,0.02495,0.04505,0.7657
0.16395,0.0244,0.0462,0.76545
0.16405,0.0246,0.04645,0.7649
0.16335,0.02505,0.0466,0.765
0.16275,0.0259,0.0466,0.76475
0.16255,0.02635,0.04545,0.76565
0.1624,0.0255,0.04675,0.76535
0.16295,0.02435,0.04715,0.76555
0.16275,0.02425,0.04715,0.76585
0.16115,0.0252,0.0467,0.76695
0.1608,0.02575,0.0461,0.76735
0.16005,0.0262,0.04435,0.7694
0.15865,0.0254,0.0454,0.77055
0.1563,0.02505,0.04705,0.7716
0.156,0.02545,0.04785,0.7707
0.15555,0.0257,0.04675,0.772
0.15515,0.0251,0.0475,0.77225
0.15525,0.02455,0.0473,0.7729
0.15435,0.025,0.0465,0.77415
0.15425,0.0248,0.04595,0.775
0.1537,0.02465,0.0451,0.77655
0.1538,0.0244,0.0458,0.776
0.15375,0.0238,0.0463,0.77615
0.1551,0.02225,0.0467,0.77595
0.15375,0.0237,0.0453,0.77725
0.1541,0.02385,0.04515,0.7769
0.1541,0.0231,0.045,0.7778
0.15425,0.02335,0.0445,0.7779
0.15425,0.02325,0.045,0.7775
0.1542,0.023,0.04425,0.77855
0.15485,0.0233,0.0423,0.77955
0.15515,0.02385,0.041,0.78
0.15485,0.0234,0.0411,0.78065
0.1543,0.02435,0.0412,0.78015
0.1546,0.02315,0.0411,0.78115
0.15495,0.02255,0.0415,0.781
0.1559,0.02235,0.04095,0.7808
0.1568,0.0216,0.04045,0.78115
0.1577,0.0213,0.04055,0.78045
0.1576,0.0213,0.0404,0.7807
0.15875,0.02055,0.04035,0.78035
0.15955,0.02065,0.04005,0.77975
0.16045,0.02035,0.04005,0.77915
0.16055,0.0208,0.0397,0.77895
0.16065,0.0206,0.0403,0.77845
0.16085,0.0201,0.0411,0.77795
0.1607,0.0212,0.04025,0.77785
0.1605,0.0207,0.04035,0.77845
0.16045,0.0211,0.03965,0.7788
0.16165,0.02055,0.03945,0.77835
0.16295,0.0211,0.03945,0.7765
0.16345,0.0218,0.0394,0.77535
0.16425,0.021,0.0409,0.77385
0.16475,0.02075,0.0405,0.774
0.1654,0.0206,0.0411,0.7729
0.1655,0.0206,0.0413,0.7726
0.16565,0.021,0.04075,0.7726
0.1648,0.0196,0.042,0.7736
0.16525,0.0192,0.04105,0.7745
0.16525,0.0193,0.04055,0.7749
0.1635,0.0209,0.04005,0.77555
0.1645,0.0209,0.0391,0.7755
0.1636,0.02205,0.03945,0.7749
0.1635,0.0212,0.03985,0.77545
0.16305,0.02115,0.0396,0.7762
0.1625,0.0214,0.0394,0.7767
0.16165,0.0222,0.0392,0.77695
0.1629,0.0232,0.03845,0.77545
0.16415,0.0227,0.0387,0.77445
0.1645,0.0223,0.03905,0.77415
0.1654,0.0218,0.03965,0.77315
0.1653,0.0217,0.0392,0.7738
0.16465,0.02185,0.03875,0.77475
0.1657,0.0216,0.03905,0.77365
0.165,0.0222,0.0387,0.7741
0.1651,0.0226,0.03835,0.77395
0.16435,0.02275,0.0388,0.7741
0.1639,0.02375,0.03825,0.7741
0.1646,0.02355,0.038,0.77385
0.16395,0.02315,0.03845,0.77445
0.16295,0.0225,0.0401,0.77445
0.1639,0.02105,0.04075,0.7743
0.16395,0.0219,0.04055,0.7736
0.16455,0.02155,0.04035,0.77355
0.16425,0.0215,0.04055,0.7737
0.16475,0.0214,0.04025,0.7736
0.1641,0.02135,0.04045,0.7741
0.16415,0.02105,0.03985,0.77495
0.1641,0.02165,0.03955,0.7747
0.1632,0.0225,0.03905,0.77525
0.1624,0.02215,0.0403,0.77515
0.16325,0.02295,0.0397,0.7741
0.1624,0.0231,0.03995,0.77455
0.16135,0.0226,0.04145,0.7746
0.16215,0.0223,0.04085,0.7747
