0.999,0.0,0.001,0.0
0.9983,0.0007,0.001,0.0
0.99755,0.00145,0.0009,0.0001
0.997,0.00185,0.0009,0.00025
0.9964,0.002,0.00125,0.00035
0.99505,0.00275,0.0017,0.0005
0.99385,0.00325,0.0024,0.0005
0.992,0.00425,0.0029,0.00085
0.9898,0.00585,0.00315,0.0012
0.98725,0.0073,0.0038,0.00165
0.98465,0.00865,0.00475,0.00195
0.98085,0.01035,0.0066,0.0022
0.97535,0.0143,0.0074,0.00295
0.96965,0.0175,0.00915,0.0037
0.96195,0.0214,0.0122,0.00445
0.953,0.0264,0.0149,0.0057
0.9425,0.03155,0.0189,0.00705
0.9276,0.04065,0.02265,0.0091
0.91225,0.0479,0.02845,0.0114
0.8919,0.0595,0.03485,0.01375
0.86685,0.0739,0.042,0.01725
0.83805,0.089,0.0516,0.02135
0.8044,0.104,0.0655,0.0261
0.76555,0.12195,0.07935,0.03315
0.7191,0.1441,0.09685,0.03995
0.66695,0.1686,0.11495,0.0495
0.60885,0.1935,0.137,0.06065
0.5455,0.2205,0.16,0.074
0.48225,0.2404,0.18575,0.0916
0.41775,0.25315,0.21865,0.11045
0.35185,0.26575,0.24895,0.13345
0.2872,0.27275,0.28135,0.1587
0.2303,0.2709,0.31065,0.18815
0.18045,0.25995,0.33985,0.21975
0.1375,0.24395,0.36405,0.2545
0.10385,0.2212,0.3805,0.29445
0.0786,0.1956,0.3895,0.3363
0.05985,0.1675,0.3939,0.37875
0.04485,0.1409,0.3895,0.42475
0.03385,0.1185,0.37635,0.4713
0.02595,0.09675,0.36415,0.51315
0.0217,0.07865,0.34365,0.556
0.01775,0.06485,0.32095,0.59645
0.0156,0.05025,0.29835,0.6358
0.01335,0.0407,0.27615,0.6698
0.0125,0.03255,0.25265,0.7023
0.0126,0.0257,0.2282,0.7335
0.012,0.02055,0.205,0.76245
0.01255,0.0166,0.18465,0.7862
0.013,0.01415,0.16415,0.8087
0.01375,0.01235,0.14575,0.82815
0.01475,0.0106,0.12945,0.8452
0.016,0.0097,0.1135,0.8608
0.0176,0.0083,0.10115,0.87295
0.0197,0.0077,0.0901,0.8825
0.02165,0.00665,0.07995,0.89175
0.0231,0.0063,0.07245,0.89815
0.02465,0.00615,0.064,0.9052
0.02645,0.00595,0.05615,0.91145
0.02965,0.00545,0.05,0.9149
0.0311,0.00565,0.04495,0.9183
0.0343,0.0051,0.03975,0.92085
0.03655,0.0047,0.0356,0.92315
0.03795,0.00505,0.0314,0.9256
0.03985,0.00445,0.02795,0.92775
0.04205,0.00445,0.02595,0.92755
0.0447,0.00385,0.02365,0.9278
0.0476,0.00345,0.02155,0.9274
0.05125,0.00325,0.0199,0.9256
0.05415,0.0033,0.01855,0.924
0.05745,0.00285,0.01685,0.92285
0.05945,0.0029,0.01565,0.922
0.06235,0.00285,0.01325,0.92155
0.0646,0.003,0.0116,0.9208
0.0672,0.003,0.0107,0.9191
0.0708,0.0029,0.01,0.9163
0.0738,0.00275,0.00935,0.9141
0.0761,0.0026,0.0087,0.9126
0.07875,0.00265,0.00805,0.91055
0.08185,0.0023,0.0074,0.90845
0.0846,0.0022,0.00685,0.90635
0.0874,0.0025,0.0067,0.9034
0.08955,0.00255,0.0061,0.9018
0.09275,0.00215,0.0059,0.8992
0.09545,0.00195,0.00575,0.89685
0.09795,0.00205,0.0052,0.8948
0.1013,0.00185,0.00485,0.892
0.1042,0.0017,0.00475,0.88935
0.10695,0.00165,0.00435,0.88705
0.1098,0.00125,0.00415,0.8848
0.11235,0.0011,0.00425,0.8823
0.11515,0.00125,0.0038,0.8798
0.1175,0.0015,0.0036,0.8774
0.12,0.00155,0.00375,0.8747
0.1228,0.0016,0.00345,0.87215
0.1248,0.0015,0.00305,0.87065
0.1275,0.00155,0.0027,0.86825
0.1298,0.00175,0.00265,0.8658
0.13275,0.00155,0.0028,0.8629
0.13455,0.00155,0.00275,0.86115
0.13655,0.0018,0.0026,0.85905
0.13965,0.0014,0.00275,0.8562
0.14225,0.00115,0.00305,0.85355
0.1441,0.0011,0.00275,0.85205
0.14655,0.0013,0.00275,0.8494
0.1485,0.00145,0.0028,0.84725
0.1508,0.0014,0.00295,0.84485
0.15305,0.0014,0.0032,0.84235
0.1552,0.0015,0.0032,0.8401
0.15745,0.00155,0.00325,0.83775
0.15915,0.00145,0.0029,0.8365
0.16175,0.0012,0.0032,0.83385
0.1633,0.00105,0.00285,0.8328
0.1657,0.00115,0.00295,0.8302
0.1684,0.00115,0.0029,0.82755
0.1706,0.0014,0.0025,0.8255
0.1733,0.00135,0.00235,0.823
0.17535,0.0014,0.0025,0.82075
0.1774,0.0013,0.00255,0.81875
0.1793,0.0013,0.00275,0.81665
0.18185,0.00125,0.0027,0.8142
0.18465,0.00105,0.00245,0.81185
0.18635,0.00135,0.0025,0.8098
0.1876,0.00145,0.0027,0.80825
0.18935,0.0014,0.00265,0.8066
0.1918,0.0013,0.0029,0.804
0.19385,0.0014,0.0032,0.80155
0.1957,0.00175,0.0032,0.79935
0.1974,0.00165,0.00345,0.7975
0.19925,0.00155,0.0033,0.7959
0.2009,0.00175,0.0034,0.79395
0.20245,0.00185,0.0034,0.7923
0.20365,0.0021,0.0035,0.79075
0.20555,0.0023,0.0031,0.78905
0.20815,0.00235,0.0034,0.7861
0.21015,0.00235,0.00335,0.78415
0.21185,0.00225,0.0034,0.7825
0.21315,0.0022,0.00345,0.7812
0.21495,0.00225,0.0036,0.7792
0.217,0.00215,0.0036,0.77725
0.2187,0.00195,0.004,0.77535
0.22075,0.0022,0.00395,0.7731
0.224,0.002,0.0042,0.7698
0.22565,0.00235,0.00405,0.76795
0.2272,0.00275,0.004,0.76605
0.2287,0.0027,0.00435,0.76425
0.22945,0.0033,0.00445,0.7628
0.2302,0.0038,0.0042,0.7618
0.23175,0.00345,0.00465,0.76015
0.23375,0.00335,0.0049,0.758
0.2344,0.004,0.0048,0.7568
0.2363,0.00415,0.00535,0.7542
0.23735,0.00385,0.0059,0.7529
0.23875,0.0038,0.0064,0.75105
0.2399,0.0043,0.00655,0.74925
0.24095,0.0048,0.00635,0.7479
0.24235,0.0053,0.0067,0.74565
0.2434,0.00545,0.0072,0.74395
0.2437,0.00575,0.0075,0.74305
0.2447,0.0062,0.00765,0.74145
0.2458,0.00665,0.0079,0.73965
0.2466,0.0065,0.0085,0.7384
0.24695,0.0069,0.0086,0.73755
0.2469,0.007,0.0094,0.7367
0.24785,0.00715,0.0099,0.7351
0.24885,0.0071,0.01,0.73405
0.24885,0.0078,0.01055,0.7328
0.249,0.00815,0.01095,0.7319
0.24905,0.0083,0.01155,0.7311
0.24945,0.00785,0.0127,0.73
0.2485,0.0086,0.0137,0.7292
0.24715,0.0104,0.01335,0.7291
0.2467,0.0108,0.01395,0.72855
0.24565,0.0113,0.01445,0.7286
0.2455,0.012,0.0152,0.7273
0.2451,0.012,0.0163,0.7266
0.24435,0.01215,0.01775,0.72575
0.24305,0.0135,0.01845,0.725
0.2417,0.01345,0.0196,0.72525
0.24,0.01485,0.02005,0.7251
0.2393,0.0143,0.02145,0.72495
0.23855,0.0147,0.02195,0.7248
0.23725,0.0144,0.02295,0.7254
0.2353,0.01505,0.02395,0.7257
0.2327,0.0165,0.02435,0.72645
0.23075,0.01725,0.02435,0.72765
0.22885,0.01785,0.025,0.7283
0.2273,0.01775,0.02635,0.7286
0.22475,0.0191,0.02825,0.7279
0.2227,0.0197,0.0292,0.7284
0.22035,0.0211,0.02925,0.7293
0.21725,0.0229,0.02925,0.7306
0.21415,0.0231,0.0305,0.73225
0.2106,0.02305,0.03335,0.733
0.20795,0.02385,0.0341,0.7341
0.2054,0.0228,0.0356,0.7362
0.2023,0.0226,0.03785,0.73725
0.1993,0.02385,0.03845,0.7384
0.1967,0.02485,0.0387,0.73975
0.19315,0.02505,0.03975,0.74205
0.19035,0.02555,0.0401,0.744
0.1869,0.02605,0.041,0.74605
0.1828,0.0265,0.04195,0.74875
0.17925,0.02645,0.04355,0.75075
0.17605,0.02665,0.0446,0.7527
0.17295,0.02685,0.04475,0.75545
0.16945,0.02665,0.04545,0.75845
0.16655,0.0262,0.0466,0.76065
0.1631,0.02735,0.04545,0.7641
0.1611,0.02655,0.0449,0.76745
0.15905,0.0254,0.0468,0.76875
0.15675,0.02485,0.0474,0.771
0.1543,0.0243,0.04755,0.77385
0.15225,0.02425,0.04755,0.77595
0.1504,0.02295,0.04735,0.7793
0.1488,0.0229,0.04745,0.78085
0.1461,0.02415,0.04655,0.7832
0.14445,0.0235,0.04715,0.7849
0.14145,0.0235,0.0472,0.78785
0.13895,0.0235,0.0468,0.79075
0.1376,0.0239,0.0477,0.7908
0.1353,0.02335,0.04765,0.7937
0.13395,0.02305,0.04745,0.79555
0.13295,0.0215,0.04745,0.7981
0.1327,0.02,0.04765,0.79965
0.1317,0.02015,0.0466,0.80155
0.1319,0.0194,0.0457,0.803
0.1312,0.0191,0.045,0.8047
0.12985,0.01985,0.0441,0.8062
0.1296,0.02045,0.04285,0.8071
0.12905,0.02025,0.04195,0.80875
0.12805,0.01995,0.0421,0.8099
0.12835,0.01915,0.04175,0.81075
0.1272,0.0205,0.0401,0.8122
0.12765,0.0199,0.03865,0.8138
0.12775,0.0191,0.03985,0.8133
0.12865,0.01885,0.0393,0.8132
0.12855,0.01725,0.0395,0.8147
0.1278,0.0177,0.03885,0.81565
0.12925,0.0165,0.0381,0.81615
0.12935,0.0155,0.03795,0.8172
0.1295,0.01505,0.0381,0.81735
0.13055,0.01495,0.03645,0.81805
0.13125,0.01445,0.03635,0.81795
0.1321,0.01515,0.035,0.81775
0.1345,0.0149,0.03425,0.81635
0.13635,0.01425,0.0335,0.8159
0.13625,0.01605,0.03195,0.81575
0.13665,0.01565,0.03115,0.81655
0.1375,0.01605,0.0311,0.81535
0.1385,0.0155,0.0314,0.8146
0.13875,0.01585,0.0312,0.8142
0.14075,0.0149,0.03075,0.8136
0.1423,0.0143,0.0306,0.8128
0.14345,0.0146,0.0296,0.81235
0.1442,0.01555,0.02875,0.8115
0.14455,0.015,0.02875,0.8117
0.14565,0.0158,0.02785,0.8107
0.14735,0.0147,0.0275,0.81045
0.1484,0.01445,0.0271,0.81005
0.14965,0.0153,0.02645,0.8086
0.15155,0.01505,0.0265,0.8069
0.1523,0.0147,0.0272,0.8058
0.15325,0.01435,0.02665,0.80575
0.15495,0.01395,0.02765,0.80345
0.15655,0.0149,0.02655,0.802
0.15795,0.0144,0.02655,0.8011
0.1589,0.0148,0.02575,0.80055
0.16005,0.01485,0.02545,0.79965
0.1622,0.0145,0.02585,0.79745
0.16315,0.01535,0.0255,0.796
0.1645,0.01495,0.0258,0.79475
0.16575,0.01455,0.027,0.7927
0.1673,0.0151,0.02705,0.79055
0.16865,0.0151,0.0268,0.78945
0.17025,0.01485,0.02745,0.78745
0.17095,0.01575,0.028,0.7853
0.1719,0.0174,0.02805,0.78265
0.17415,0.01665,0.0288,0.7804
0.1742,0.01675,0.02905,0.78
0.1744,0.01785,0.0281,0.77965
0.1761,0.0167,0.0282,0.779
0.1762,0.0167,0.02885,0.77825
0.17775,0.017,0.02845,0.7768
0.17815,0.0172,0.0285,0.77615
0.17955,0.0162,0.02945,0.7748
0.1804,0.0161,0.0298,0.7737
0.18095,0.0153,0.0306,0.77315
0.1804,0.01725,0.0301,0.77225
0.1805,0.0183,0.0295,0.7717
0.1808,0.0177,0.0306,0.7709
0.18015,0.0187,0.031,0.77015
0.17945,0.0199,0.03085,0.7698
0.1787,0.0201,0.03165,0.76955
0.17845,0.01985,0.0334,0.7683
0.1776,0.0202,0.03465,0.76755
0.1773,0.02145,0.0348,0.76645
0.17515,0.02305,0.0341,0.7677
0.1745,0.02345,0.0339,0.76815
0.17375,0.02375,0.03455,0.76795
0.17405,0.0227,0.03605,0.7672
0.1727,0.02265,0.0376,0.76705
0.17205,0.0225,0.03835,0.7671
0.1722,0.022,0.0389,0.7669
0.1718,0.02075,0.0408,0.76665
0.17155,0.0212,0.0403,0.76695
0.1721,0.0203,0.0411,0.7665
0.17125,0.02125,0.04065,0.76685
0.17045,0.02145,0.03965,0.76845
0.1697,0.02255,0.03945,0.7683
0.17005,0.0227,0.0394,0.76785
0.16905,0.0224,0.0406,0.76795
0.16835,0.02335,0.0401,0.7682
0.1679,0.02375,0.04075,0.7676
0.1683,0.0243,0.0404,0.767
0.169,0.02395,0.0408,0.76625
0.1686,0.02315,0.04185,0.7664
0.16795,0.02305,0.04265,0.76635
0.16725,0.0234,0.04335,0.766
0.16615,0.0243,0.0435,0.76605
0.16605,0.02395,0.0438,0.7662
0.1644,0.02405,0.04445,0.7671
0.16365,0.0244,0.04395,0.768
0.16305,0.02455,0.0437,0.7687
0.16115,0.02485,0.043,0.771
0.1596,0.0261,0.04255,0.77175
0.1586,0.0255,0.04365,0.77225
0.15775,0.02505,0.0442,0.773
0.15645,0.0252,0.0454,0.77295
0.1554,0.02555,0.04525,0.7738
0.155,0.02475,0.0449,0.77535
0.1538,0.0236,0.04585,0.77675
0.1532,0.0236,0.04665,0.77655
0.1521,0.02375,0.04625,0.7779
0.15155,0.02455,0.0456,0.7783
0.15105,0.0245,0.0449,0.77955
0.15095,0.02385,0.04545,0.77975
0.1516,0.0231,0.04615,0.77915
0.151,0.0225,0.04625,0.78025
0.15025,0.02325,0.0452,0.7813
0.1494,0.02235,0.04565,0.7826
0.1489,0.0228,0.045,0.7833
0.15,0.02215,0.04525,0.7826
0.15025,0.02165,0.04505,0.78305
0.1502,0.0221,0.04525,0.78245
0.1489,0.02275,0.0455,0.78285
0.14905,0.0227,0.0446,0.78365
0.1498,0.0213,0.04395,0.78495
0.14955,0.022,0.0431,0.78535
0.1496,0.0223,0.04255,0.78555
0.1492,0.0224,0.04285,0.78555
0.1492,0.02295,0.04305,0.7848
0.1491,0.02195,0.0435,0.78545
0.14925,0.02115,0.04315,0.78645
0.1507,0.02,0.0431,0.7862
0.1505,0.0211,0.042,0.7864
0.1512,0.0208,0.041,0.787
0.15115,0.0207,0.04045,0.7877
0.1504,0.02085,0.0396,0.78915
0.151,0.02105,0.03915,0.7888
0.1514,0.02015,0.03975,0.7887
0.15145,0.0199,0.03995,0.7887
0.1527,0.01975,0.03925,0.7883
0.15395,0.02035,0.03795,0.78775
0.1533,0.0209,0.0386,0.7872
0.15415,0.0203,0.0386,0.78695
0.1545,0.0201,0.03895,0.78645
0.15465,0.0195,0.03845,0.7874
0.1541,0.0203,0.03745,0.78815
0.1545,0.0208,0.03795,0.78675
0.15465,0.0222,0.03745,0.7857
0.1546,0.0214,0.03765,0.78635
0.1549,0.01985,0.03885,0.7864
0.1545,0.02125,0.03855,0.7857
0.15505,0.0217,0.03825,0.785
0.1552,0.02285,0.03715,0.7848
0.15455,0.0227,0.03745,0.7853
0.15615,0.0209,0.03865,0.7843
0.15645,0.02095,0.0393,0.7833
0.15685,0.02095,0.03945,0.78275
0.15795,0.02125,0.03915,0.78165
0.15895,0.02065,0.03895,0.78145
0.1599,0.0202,0.0386,0.7813
0.1602,0.02095,0.03875,0.7801
0.1613,0.0211,0.039,0.7786
0.1602,0.02215,0.0386,0.77905
0.16,0.02215,0.0384,0.77945
0.1625,0.02055,0.03805,0.7789
0.16165,0.0212,0.0375,0.77965
0.16195,0.02085,0.03805,0.77915
0.16225,0.02205,0.0372,0.7785
0.1625,0.02155,0.0371,0.77885
0.16345,0.0207,0.03695,0.7789
0.1638,0.0201,0.03785,0.77825
0.16415,0.02025,0.0378,0.7778
0.16455,0.0205,0.0377,0.77725
0.1654,0.01975,0.03795,0.7769
0.16595,0.01995,0.038,0.7761
0.1663,0.02045,0.03775,0.7755
0.16515,0.02055,0.0365,0.7778
0.1667,0.02075,0.0371,0.77545
0.167,0.02035,0.03755,0.7751
0.16755,0.02065,0.03825,0.77355
0.16705,0.02075,0.03915,0.77305
0.1668,0.02165,0.0393,0.77225
0.1663,0.02235,0.0388,0.77255
0.16625,0.02165,0.03795,0.77415
0.16675,0.02135,0.03805,0.77385
0.1668,0.0208,0.03895,0.77345
0.1668,0.02175,0.0392,0.77225
0.16745,0.02095,0.03965,0.77195
0.1668,0.02145,0.0383,0.77345
0.16785,0.02105,0.03805,0.77305
0.16845,0.0209,0.0382,0.77245
0.16875,0.02095,0.03865,0.77165
0.1681,0.0199,0.0392,0.7728
0.16835,0.02135,0.0383,0.772
0.1672,0.0219,0.0382,0.7727
0.1668,0.02135,0.0379,0.77395
0.1665,0.0226,0.0382,0.7727
0.16655,0.0224,0.038,0.77305
0.16795,0.02165,0.0383,0.7721
0.1682,0.02195,0.0381,0.77175
0.16895,0.02145,0.03785,0.77175
0.16825,0.02165,0.03835,0.77175
0.1686,0.02275,0.0381,0.77055
0.1684,0.022,0.039,0.7706
0.16795,0.0215,0.0403,0.77025
0.1682,0.0217,0.0401,0.77
0.16795,0.021,0.04145,0.7696
0.1678,0.02095,0.0414,0.76985
0.1667,0.0213,0.0423,0.7697
0.1654,0.0229,0.04255,0.76915
0.16455,0.0229,0.0445,0.76805
0.1637,0.0233,0.0444,0.7686
0.16265,0.02365,0.045,0.7687
0.162,0.02415,0.04465,0.7692
0.16025,0.0247,0.0451,0.76995
0.15925,0.02445,0.04425,0.77205
0.15875,0.0249,0.0442,0.77215
0.15795,0.02535,0.0451,0.7716
0.1577,0.02435,0.04635,0.7716
0.15825,0.02375,0.0465,0.7715
0.15665,0.02345,0.0474,0.7725
0.15665,0.0246,0.0464,0.77235
0.15595,0.02405,0.04575,0.77425
0.15615,0.0235,0.0445,0.77585
0.1557,0.023,0.0455,0.7758
0.15505,0.02355,0.0442,0.7772
0.1549,0.0233,0.0443,0.7775
0.15395,0.0232,0.04405,0.7788
0.1527,0.02285,0.0448,0.77965
0.1532,0.02275,0.04565,0.7784
0.15255,0.0221,0.04545,0.7799
0.15095,0.02355,0.045,0.7805
0.15005,0.0233,0.04515,0.7815
0.14905,0.0233,0.0454,0.78225
0.1485,0.0228,0.04555,0.78315
0.14775,0.02315,0.04425,0.78485
0.1474,0.02315,0.0442,0.78525
0.1464,0.0243,0.04315,0.78615
0.14555,0.0238,0.04245,0.7882
0.1466,0.0233,0.04275,0.78735
0.147,0.0231,0.0419,0.788
0.14575,0.023,0.0416,0.78965
0.147,0.023,0.04135,0.78865
0.14635,0.0231,0.04185,0.7887
0.1464,0.02385,0.0417,0.78805
0.14585,0.02255,0.04205,0.78955
0.14575,0.02275,0.0424,0.7891
0.14595,0.0228,0.04185,0.7894
0.1457,0.0225,0.04165,0.79015
0.14655,0.0221,0.04185,0.7895
0.1464,0.02185,0.0416,0.79015
0.1451,0.02105,0.0418,0.79205
0.14495,0.0217,0.04155,0.7918
0.14405,0.0226,0.0412,0.79215
0.1448,0.0222,0.04165,0.79135
0.14525,0.02215,0.0405,0.7921
0.1454,0.02105,0.0417,0.79185
0.1451,0.02145,0.0417,0.79175
0.14565,0.02115,0.0415,0.7917
0.14625,0.0211,0.04125,0.7914
0.14685,0.0192,0.0414,0.79255
0.14805,0.0205,0.04045,0.791
0.14925,0.0205,0.0401,0.79015
0.14985,0.02005,0.0406,0.7895
0.15175,0.01995,0.0399,0.7884
0.1521,0.0203,0.0395,0.7881
0.1531,0.02005,0.03875,0.7881
0.1538,0.0198,0.03945,0.78695
0.15325,0.0206,0.0396,0.78655
0.1526,0.02145,0.03965,0.7863
0.1526,0.0223,0.03945,0.78565
0.15295,0.02125,0.0398,0.786
0.15255,0.0216,0.04,0.78585
0.1533,0.02025,0.04065,0.7858
0.15445,0.01865,0.0415,0.7854
0.1556,0.0181,0.04145,0.78485
0.15455,0.01965,0.0405,0.7853
0.1545,0.02075,0.03915,0.7856
0.15455,0.02085,0.0394,0.7852
0.1554,0.01995,0.0401,0.78455
0.15735,0.01925,0.0408,0.7826
0.15665,0.0198,0.0402,0.78335
0.15765,0.0202,0.0393,0.78285
0.15835,0.0209,0.03875,0.782
0.1581,0.02215,0.03745,0.7823
0.1578,0.02165,0.03885,0.7817
0.1572,0.02175,0.03895,0.7821
0.15745,0.0217,0.03915,0.7817
0.15825,0.02145,0.03865,0.78165
0.15715,0.02295,0.0375,0.7824
0.15845,0.02155,0.03845,0.78155
0.1586,0.0218,0.03805,0.78155
0.1602,0.02155,0.03835,0.7799
0.16,0.02165,0.03845,0.7799
0.1585,0.02215,0.039,0.78035
0.1583,0.0224,0.0403,0.779
0.1586,0.022,0.041,0.7784
0.15915,0.0209,0.0418,0.77815
0.1595,0.0212,0.04205,0.77725
0.15995,0.0212,0.04245,0.7764
0.1582,0.0225,0.04085,0.77845
0.1596,0.02215,0.04025,0.778
0.15915,0.0226,0.0398,0.77845
0.1591,0.0235,0.03995,0.77745
0.16,0.0236,0.03965,0.77675
0.15945,0.02295,0.04065,0.77695
0.1598,0.02285,0.04005,0.7773
0.1595,0.02285,0.04035,0.7773
0.15915,0.0243,0.04055,0.776
0.1594,0.0235,0.04055,0.77655
0.15975,0.0227,0.0409,0.77665
0.16055,0.022,0.0413,0.77615
0.1608,0.02255,0.0412,0.77545
0.16055,0.023,0.0402,0.77625
0.15905,0.02405,0.04065,0.77625
0.1596,0.0226,0.04135,0.77645
0.16035,0.02195,0.0421,0.7756
0.16055,0.02215,0.0424,0.7749
0.1612,0.0225,0.0418,0.7745
0.16,0.02345,0.0422,0.77435
0.162,0.0225,0.04185,0.77365
0.1612,0.023,0.04295,0.77285
0.16075,0.023,0.0431,0.77315
0.15995,0.0237,0.0437,0.77265
0.15955,0.0247,0.04295,0.7728
0.1607,0.02345,0.0427,0.77315
0.15985,0.0235,0.04255,0.7741
0.16025,0.0232,0.0431,0.77345
0.15935,0.025,0.04255,0.7731
0.15965,0.0242,0.0428,0.77335
0.1602,0.024,0.04315,0.77265
0.15985,0.02385,0.0429,0.7734
0.1602,0.0235,0.0435,0.7728
0.1607,0.02275,0.044,0.77255
0.15995,0.0232,0.0434,0.77345
0.15925,0.02405,0.04255,0.77415
0.159,0.02335,0.04205,0.7756
0.15935,0.02275,0.04275,0.77515
0.1598,0.02255,0.04255,0.7751
0.15915,0.02295,0.04275,0.77515
0.15995,0.0227,0.04185,0.7755
0.1591,0.02315,0.04265,0.7751
0.15875,0.02385,0.0422,0.7752
0.15865,0.02425,0.04235,0.77475
0.15715,0.0248,0.0427,0.77535
0.1567,0.02515,0.04295,0.7752
0.15745,0.02475,0.0438,0.774
0.1559,0.0254,0.04365,0.77505
0.1554,0.02575,0.04455,0.7743
0.1546,0.0248,0.0463,0.7743
0.1543,0.0253,0.04645,0.77395
0.1535,0.02535,0.04665,0.7745
0.1524,0.0259,0.04715,0.77455
0.1519,0.02585,0.047,0.77525
0.152,0.02545,0.04695,0.7756
0.15105,0.0254,0.048,0.77555
0.15055,0.02555,0.0477,0.7762
0.14975,0.02555,0.0488,0.7759
0.1502,0.025,0.0488,0.776
0.1512,0.0241,0.0485,0.7762
0.1507,0.0238,0.04825,0.77725
0.1517,0.0233,0.0475,0.7775
0.15165,0.0241,0.0468,0.77745
0.15215,0.0237,0.04675,0.7774
0.15045,0.02475,0.04625,0.77855
0.1505,0.0238,0.04675,0.77895
0.1505,0.02375,0.0453,0.78045
0.1499,0.0254,0.0444,0.7803
0.15055,0.02395,0.045,0.7805
0.15015,0.0238,0.0454,0.78065
0.1501,0.02445,0.0453,0.78015
0.14895,0.0251,0.04485,0.7811
0.15,0.0236,0.0444,0.782
0.14955,0.02245,0.0457,0.7823
0.14765,0.02485,0.0448,0.7827
0.1478,0.025,0.04405,0.78315
0.14715,0.02495,0.0448,0.7831
0.14725,0.0248,0.04495,0.783
0.14825,0.02315,0.0448,0.7838
0.14735,0.02335,0.0453,0.784
0.14775,0.02275,0.04565,0.78385
0.1468,0.02315,0.0456,0.78445
0.14785,0.02295,0.04495,0.78425
0.14735,0.02305,0.04435,0.78525
0.14845,0.0217,0.04485,0.785
0.1496,0.0214,0.04435,0.78465
0.1485,0.0228,0.0439,0.7848
0.1478,0.0237,0.04375,0.78475
0.14795,0.0236,0.04395,0.7845
0.1481,0.02295,0.0438,0.78515
0.1479,0.0236,0.0438,0.7847
0.1481,0.02325,0.04375,0.7849
0.14785,0.02215,0.0451,0.7849
0.14845,0.02225,0.04465,0.78465
0.14945,0.02145,0.04465,0.78445
0.14895,0.022,0.0448,0.78425
0.14825,0.02305,0.0433,0.7854
0.1478,0.02415,0.0425,0.78555
0.14855,0.02425,0.04215,0.78505
0.1497,0.0232,0.04205,0.78505
0.14995,0.02175,0.0432,0.7851
0.1506,0.02055,0.04305,0.7858
0.15195,0.0193,0.0423,0.78645
0.15115,0.0201,0.0411,0.78765
0.1514,0.0202,0.0405,0.7879
0.1529,0.02,0.0395,0.7876
0.15415,0.01975,0.0391,0.787
0.15445,0.0202,0.03855,0.7868
0.15565,0.0202,0.0378,0.78635
0.1567,0.02045,0.03745,0.7854
0.1581,0.02035,0.0367,0.78485
0.15745,0.02185,0.03585,0.78485
0.1569,0.0215,0.036,0.7856
0.1573,0.02065,0.03685,0.7852
0.158,0.0196,0.03815,0.78425
0.1581,0.0192,0.03815,0.78455
0.1587,0.0195,0.0381,0.7837
0.15995,0.01925,0.0377,0.7831
0.16045,0.02,0.03645,0.7831
0.1604,0.0209,0.0364,0.7823
0.16135,0.0208,0.03635,0.7815
0.16205,0.0203,0.03655,0.7811
0.16225,0.02,0.0371,0.78065
0.1628,0.0204,0.03755,0.77925
0.16345,0.02165,0.0368,0.7781
0.1638,0.0208,0.0363,0.7791
0.16285,0.0216,0.03595,0.7796
0.1637,0.02165,0.03645,0.7782
0.16495,0.0211,0.03645,0.7775
0.1644,0.02135,0.0378,0.77645
0.1645,0.0216,0.03775,0.77615
0.1642,0.02115,0.0383,0.77635
0.16395,0.02125,0.0392,0.7756
0.16335,0.02255,0.03945,0.77465
0.163,0.0233,0.03855,0.77515
0.16175,0.0234,0.0384,0.77645
0.16235,0.02355,0.03905,0.77505
0.16305,0.0225,0.04055,0.7739
0.16295,0.0227,0.0417,0.77265
0.1636,0.0227,0.04145,0.77225
0.164,0.0217,0.0417,0.7726
0.16245,0.02255,0.04105,0.77395
0.1619,0.0227,0.0408,0.7746
0.1618,0.02275,0.03965,0.7758
0.1617,0.0232,0.0389,0.7762
0.16215,0.0227,0.0396,0.77555
0.1611,0.0231,0.0388,0.777
0.16135,0.02155,0.03975,0.77735
0.1611,0.02135,0.0401,0.77745
0.16,0.02195,0.04085,0.7772
0.1607,0.022,0.0403,0.777
0.1611,0.0227,0.0397,0.7765
0.16095,0.02185,0.04115,0.77605
0.16015,0.0219,0.04145,0.7765
0.1601,0.02195,0.0415,0.77645
0.1599,0.0223,0.0411,0.7767
0.1593,0.0225,0.0412,0.777
0.15995,0.02165,0.0411,0.7773
0.15935,0.0218,0.03985,0.779
0.1598,0.02095,0.04105,0.7782
0.1601,0.02005,0.0421,0.77775
0.16045,0.02095,0.04055,0.77805
0.1591,0.0213,0.04155,0.77805
0.16015,0.0206,0.0407,0.77855
0.15925,0.02045,0.04115,0.77915
0.1595,0.02075,0.0408,0.77895
0.16045,0.02065,0.04115,0.77775
0.16115,0.02045,0.04175,0.77665
0.1614,0.02,0.04175,0.77685
0.1618,0.0204,0.04105,0.77675
0.1622,0.0201,0.04105,0.77665
0.16005,0.02235,0.0399,0.7777
0.16015,0.0221,0.04,0.77775
0.15995,0.02165,0.0397,0.7787
0.1603,0.02105,0.04025,0.7784
0.15995,0.0214,0.0399,0.77875
0.1589,0.0222,0.03985,0.77905
0.1604,0.0215,0.04045,0.77765
0.1587,0.02205,0.04095,0.7783
0.15875,0.02115,0.04175,0.77835
0.15905,0.0211,0.04175,0.7781
0.1591,0.0216,0.0417,0.7776
0.1584,0.0223,0.04105,0.77825
0.1596,0.02175,0.04055,0.7781
0.15895,0.02195,0.04105,0.77805
0.1594,0.0217,0.04125,0.77765
0.15975,0.02235,0.041,0.7769
0.1598,0.02385,0.0408,0.77555
0.1595,0.02395,0.04075,0.7758
0.1592,0.0228,0.04125,0.77675
0.1602,0.02305,0.0411,0.77565
0.1618,0.02305,0.04205,0.7731
0.1609,0.0226,0.0424,0.7741
0.16125,0.02225,0.0424,0.7741
0.16035,0.0225,0.04205,0.7751
0.1595,0.02295,0.04195,0.7756
0.1581,0.02345,0.04175,0.7767
0.15865,0.0235,0.04115,0.7767
0.15895,0.0228,0.0426,0.77565
0.159,0.02225,0.0421,0.77665
0.15775,0.02235,0.04325,0.77665
0.1577,0.02155,0.04345,0.7773
0.1568,0.0227,0.0425,0.778
0.1573,0.0235,0.04265,0.77655
0.15755,0.0233,0.04245,0.7767
0.1567,0.0231,0.0412,0.779
0.15655,0.0227,0.0417,0.77905
