0.999,0.0,0.001,0.0
0.9984,0.0006,0.001,0.0
0.9975,0.0015,0.00095,5e-05
0.9971,0.0017,0.00105,0.00015
0.9962,0.0023,0.0012,0.0003
0.9956,0.00245,0.00145,0.0005
0.99455,0.0027,0.002,0.00075
0.9933,0.00335,0.00235,0.001
0.992,0.00395,0.00275,0.0013
0.9893,0.006,0.003,0.0017
0.98685,0.00755,0.00365,0.00195
0.98345,0.00935,0.00515,0.00205
0.97985,0.0111,0.00645,0.0026
0.97505,0.01435,0.0075,0.0031
0.96935,0.017,0.0097,0.00395
0.96195,0.02135,0.01205,0.00465
0.9519,0.02765,0.0145,0.00595
0.9412,0.0334,0.01835,0.00705
0.92675,0.04125,0.02345,0.00855
0.9097,0.05065,0.0292,0.01045
0.889,0.0625,0.0347,0.0138
0.8632,0.07675,0.0434,0.01665
0.83325,0.09195,0.05375,0.02105
0.7999,0.10825,0.06625,0.0256
0.7617,0.12495,0.08165,0.0317
0.71445,0.1485,0.0972,0.03985
0.66395,0.1703,0.11435,0.0514
0.6056,0.1943,0.13715,0.06295
0.54415,0.2181,0.162,0.07575
0.4791,0.2402,0.18655,0.09415
0.4132,0.25715,0.2172,0.11245
0.3489,0.2674,0.24925,0.13445
0.2871,0.2709,0.2823,0.1597
0.22995,0.2711,0.3093,0.18965
0.18085,0.2619,0.33365,0.2236
0.1409,0.2419,0.35785,0.25935
0.107,0.2198,0.37675,0.29645
0.0801,0.192,0.3921,0.3358
0.05835,0.16835,0.3909,0.3824
0.04455,0.1411,0.3865,0.42785
0.0349,0.1151,0.37525,0.47475
0.0269,0.095,0.362,0.5161
0.02205,0.0789,0.34015,0.5589
0.01775,0.0638,0.3177,0.60075
0.01525,0.0517,0.29675,0.6363
0.01475,0.0412,0.27345,0.6706
0.0141,0.03255,0.24885,0.7045
0.014,0.02455,0.2254,0.73605
0.0144,0.01995,0.2042,0.76145
0.0148,0.01665,0.18305,0.7855
0.01555,0.01435,0.16365,0.80645
0.0163,0.01255,0.1466,0.82455
0.01665,0.01105,0.1307,0.8416
0.0175,0.01015,0.11535,0.857
0.01845,0.009,0.1039,0.86865
0.02005,0.00845,0.09155,0.87995
0.02055,0.00775,0.08225,0.88945
0.02185,0.007,0.07365,0.8975
0.0221,0.00695,0.0651,0.90585
0.02395,0.00675,0.0579,0.9114
0.0259,0.0059,0.05285,0.91535
0.0288,0.0047,0.0462,0.9203
0.0311,0.00475,0.0412,0.92295
0.0332,0.00545,0.0367,0.92465
0.0371,0.0053,0.0326,0.925
0.03965,0.0047,0.02965,0.926
0.0419,0.0041,0.02725,0.92675
0.0444,0.00375,0.02415,0.9277
0.0469,0.0038,0.0222,0.9271
0.0488,0.0035,0.0199,0.9278
0.05035,0.00285,0.01895,0.92785
0.05235,0.0029,0.0165,0.92825
0.0547,0.00295,0.01485,0.9275
0.0577,0.0028,0.0129,0.9266
0.05955,0.00295,0.0118,0.9257
0.06345,0.0022,0.01125,0.9231
0.06655,0.0019,0.01005,0.9215
0.069,0.00185,0.0091,0.92005
0.07265,0.00175,0.00815,0.91745
0.0764,0.00175,0.0076,0.91425
0.0796,0.00155,0.00675,0.9121
0.08255,0.0013,0.00605,0.9101
0.08485,0.00145,0.0055,0.9082
0.08775,0.0015,0.00505,0.9057
0.0905,0.00145,0.00455,0.9035
0.09335,0.00145,0.0044,0.9008
0.09635,0.0014,0.00385,0.8984
0.09865,0.00125,0.00385,0.89625
0.1005,0.0013,0.0037,0.8945
0.10325,0.0014,0.0033,0.89205
0.1059,0.00135,0.00285,0.8899
0.1079,0.00165,0.00285,0.8876
0.10985,0.0018,0.0027,0.88565
0.11295,0.0014,0.00275,0.8829
0.1148,0.00125,0.00285,0.8811
0.11725,0.00155,0.0028,0.8784
0.12045,0.00125,0.0029,0.8754
0.1229,0.00135,0.00295,0.8728
0.12565,0.00125,0.003,0.8701
0.12825,0.0015,0.00305,0.8672
0.1304,0.0015,0.0028,0.8653
0.13325,0.00135,0.0025,0.8629
0.13635,0.0017,0.0023,0.85965
0.13895,0.0014,0.00255,0.8571
0.1413,0.0015,0.0024,0.8548
0.14365,0.00115,0.0027,0.8525
0.1462,0.00115,0.0028,0.84985
0.1484,0.00145,0.00265,0.8475
0.15045,0.00155,0.0026,0.8454
0.1515,0.00215,0.0023,0.84405
0.15425,0.0022,0.0023,0.84125
0.1569,0.00195,0.0028,0.83835
0.1589,0.0018,0.00325,0.83605
0.16155,0.0019,0.00315,0.8334
0.16415,0.00175,0.0032,0.8309
0.16645,0.00175,0.00325,0.82855
0.16845,0.00215,0.0033,0.8261
0.17,0.00235,0.0032,0.82445
0.1713,0.00255,0.00305,0.8231
0.1736,0.00255,0.0031,0.82075
0.17605,0.0024,0.0033,0.81825
0.178,0.00205,0.0038,0.81615
0.17955,0.0024,0.0039,0.81415
0.1815,0.0024,0.00405,0.81205
0.18295,0.00235,0.00425,0.81045
0.18495,0.00245,0.00465,0.80795
0.18705,0.00265,0.00465,0.80565
0.18865,0.00285,0.0044,0.8041
0.19095,0.0029,0.00465,0.8015
0.1928,0.0031,0.00435,0.79975
0.1949,0.00305,0.0043,0.79775
0.19705,0.00285,0.0049,0.7952
0.1982,0.00325,0.00535,0.7932
0.19945,0.0037,0.00555,0.7913
0.201,0.00375,0.00555,0.7897
0.2021,0.0041,0.0056,0.7882
0.20355,0.004,0.0058,0.78665
0.20515,0.00405,0.00585,0.78495
0.20665,0.0035,0.00625,0.7836
0.2076,0.00345,0.0066,0.78235
0.2096,0.0034,0.00645,0.78055
0.2109,0.0034,0.00635,0.77935
0.2122,0.00335,0.0064,0.77805
0.21335,0.0037,0.00625,0.7767
0.21485,0.00365,0.0064,0.7751
0.2161,0.00375,0.0067,0.77345
0.21795,0.00375,0.00675,0.77155
0.22005,0.0042,0.0069,0.76885
0.2213,0.00395,0.007,0.76775
0.2226,0.00415,0.0068,0.76645
0.22335,0.00445,0.0065,0.7657
0.2252,0.00455,0.00655,0.7637
0.22625,0.0047,0.00655,0.7625
0.22695,0.00515,0.00705,0.76085
0.2277,0.00525,0.00735,0.7597
0.22885,0.0057,0.007,0.75845
0.22985,0.00545,0.0077,0.757
0.2309,0.00565,0.008,0.75545
0.23255,0.00585,0.00815,0.75345
0.2324,0.00685,0.00845,0.7523
0.2334,0.007,0.0088,0.7508
0.2337,0.00695,0.00955,0.7498
0.235,0.00675,0.0102,0.74805
0.23465,0.00785,0.0101,0.7474
0.23455,0.0089,0.01045,0.7461
0.23575,0.0085,0.0104,0.74535
0.2359,0.0086,0.01135,0.74415
0.23635,0.00895,0.0117,0.743
0.23675,0.00865,0.0127,0.7419
0.2368,0.00945,0.01345,0.7403
0.2373,0.00965,0.01415,0.7389
0.23755,0.00915,0.0149,0.7384
0.23735,0.00955,0.01485,0.73825
0.23755,0.0098,0.0155,0.73715
0.2367,0.01095,0.01585,0.7365
0.236,0.0119,0.01595,0.73615
0.23515,0.01265,0.0166,0.7356
0.235,0.01265,0.018,0.73435
0.234,0.0136,0.0186,0.7338
0.23305,0.01405,0.01955,0.73335
0.23185,0.01505,0.0205,0.7326
0.23025,0.0157,0.0216,0.73245
0.22765,0.017,0.0228,0.73255
0.22655,0.0178,0.024,0.73165
0.22445,0.01825,0.025,0.7323
0.22255,0.0185,0.0266,0.73235
0.22095,0.01875,0.028,0.7323
0.2186,0.02,0.02885,0.73255
0.21625,0.02145,0.02895,0.73335
0.21255,0.0228,0.0298,0.73485
0.20955,0.0233,0.0313,0.73585
0.20585,0.02315,0.0344,0.7366
0.20305,0.02415,0.03505,0.73775
0.20035,0.02495,0.0361,0.7386
0.1981,0.024,0.03775,0.74015
0.1936,0.0255,0.03825,0.74265
0.1898,0.02625,0.0391,0.74485
0.18725,0.0258,0.0396,0.74735
0.18485,0.02545,0.041,0.7487
0.18225,0.0246,0.04195,0.7512
0.1788,0.026,0.042,0.7532
0.1758,0.02605,0.04225,0.7559
0.1751,0.0251,0.04245,0.75735
0.1734,0.0236,0.044,0.759
0.1711,0.0235,0.0433,0.7621
0.16755,0.02505,0.0428,0.7646
0.1644,0.0256,0.04325,0.76675
0.16175,0.0251,0.04345,0.7697
0.15965,0.0247,0.044,0.77165
0.1554,0.0257,0.04295,0.77595
0.1533,0.02605,0.04325,0.7774
0.1514,0.02555,0.04375,0.7793
0.1491,0.0246,0.04535,0.78095
0.14895,0.02365,0.04565,0.78175
0.14725,0.0241,0.0454,0.78325
0.1474,0.02305,0.04575,0.7838
0.14585,0.02265,0.0455,0.786
0.1446,0.02215,0.04485,0.7884
0.1441,0.021,0.0451,0.7898
0.1422,0.0208,0.045,0.792
0.14105,0.02155,0.0439,0.7935
0.13955,0.02135,0.0438,0.7953
0.1373,0.02175,0.04305,0.7979
0.137,0.02185,0.04165,0.7995
0.13595,0.0224,0.0412,0.80045
0.136,0.02135,0.0409,0.80175
0.13575,0.0207,0.04135,0.8022
0.13555,0.01995,0.04015,0.80435
0.13485,0.01875,0.04055,0.80585
0.13525,0.0179,0.04035,0.8065
0.13505,0.01755,0.0394,0.808
0.13425,0.01855,0.0381,0.8091
0.13465,0.01745,0.0375,0.8104
0.13575,0.0159,0.0377,0.81065
0.13595,0.016,0.03575,0.8123
0.1362,0.0167,0.0346,0.8125
0.1365,0.0173,0.0332,0.813
0.13715,0.01615,0.03335,0.81335
0.1381,0.0154,0.03265,0.81385
0.13785,0.01575,0.0322,0.8142
0.13885,0.0161,0.0317,0.81335
0.14,0.0155,0.03155,0.81295
0.1414,0.01515,0.0308,0.81265
0.1406,0.0163,0.0296,0.8135
0.14105,0.0158,0.03005,0.8131
0.1419,0.0156,0.0296,0.8129
0.14195,0.0155,0.0295,0.81305
0.1422,0.0157,0.028,0.8141
0.14325,0.01485,0.02875,0.81315
0.1451,0.01395,0.02905,0.8119
0.1465,0.01275,0.02995,0.8108
0.1471,0.0129,0.02885,0.81115
0.14765,0.01435,0.0278,0.8102
0.14925,0.01465,0.0272,0.8089
0.14985,0.0148,0.0262,0.80915
0.15065,0.0144,0.02675,0.8082
0.1512,0.01545,0.0261,0.80725
0.15205,0.0156,0.02545,0.8069
0.15465,0.014,0.0257,0.80565
0.15635,0.013,0.02685,0.8038
0.15805,0.01355,0.02645,0.80195
0.1586,0.014,0.025,0.8024
0.1591,0.0142,0.02515,0.80155
0.16045,0.0135,0.02555,0.8005
0.162,0.01365,0.02535,0.799
0.16305,0.0132,0.02565,0.7981
0.16525,0.01345,0.02575,0.79555
0.16735,0.0133,0.026,0.79335
0.16755,0.0141,0.02625,0.7921
0.169,0.0141,0.02635,0.79055
0.17125,0.01365,0.0271,0.788
0.1716,0.0143,0.02675,0.78735
0.1731,0.0138,0.0271,0.786
0.17365,0.0144,0.02645,0.7855
0.1742,0.01435,0.0269,0.78455
0.1747,0.0146,0.02695,0.78375
0.1744,0.01595,0.02665,0.783
0.17585,0.01575,0.0269,0.7815
0.1759,0.0155,0.0267,0.7819
0.17755,0.01475,0.02705,0.78065
0.17885,0.01445,0.02725,0.77945
0.17925,0.01465,0.02645,0.77965
0.17925,0.01485,0.0273,0.7786
0.18005,0.01565,0.02715,0.77715
0.18085,0.0158,0.02755,0.7758
0.18075,0.0168,0.0276,0.77485
0.18035,0.0183,0.02795,0.7734
0.1808,0.01775,0.029,0.77245
0.1819,0.01705,0.03045,0.7706
0.1823,0.01785,0.02975,0.7701
0.18205,0.01755,0.0302,0.7702
0.1811,0.01945,0.0307,0.76875
0.18175,0.01885,0.0312,0.7682
0.18305,0.0181,0.03225,0.7666
0.18305,0.01865,0.03265,0.76565
0.1825,0.01955,0.0324,0.76555
0.1833,0.01995,0.0329,0.76385
0.1832,0.0197,0.03325,0.76385
0.1829,0.01985,0.0332,0.76405
0.1832,0.02015,0.0328,0.76385
0.1829,0.02015,0.0336,0.76335
0.1815,0.02085,0.0342,0.76345
0.18135,0.0209,0.0349,0.76285
0.18255,0.01985,0.0351,0.7625
0.181,0.02055,0.03595,0.7625
0.1812,0.0204,0.03555,0.76285
0.18125,0.0194,0.037,0.76235
0.18025,0.0208,0.03615,0.7628
0.18025,0.0217,0.0351,0.76295
0.1804,0.02085,0.036,0.76275
0.1798,0.0215,0.0359,0.7628
0.1801,0.02105,0.03595,0.7629
0.1803,0.02055,0.03655,0.7626
0.18015,0.0208,0.03695,0.7621
0.1786,0.02185,0.03685,0.7627
0.1779,0.02225,0.03765,0.7622
0.1772,0.02265,0.0378,0.76235
0.17555,0.02355,0.03835,0.76255
0.1742,0.0246,0.0383,0.7629
0.17425,0.02315,0.0395,0.7631
0.17325,0.02375,0.04035,0.76265
0.1736,0.02355,0.0406,0.76225
0.17205,0.02435,0.03975,0.76385
0.1718,0.02385,0.0404,0.76395
0.17065,0.024,0.04015,0.7652
0.17105,0.023,0.04,0.76595
0.1704,0.0226,0.04115,0.76585
0.1682,0.02365,0.04135,0.7668
0.1679,0.0235,0.04075,0.76785
0.1682,0.0225,0.04205,0.76725
0.167,0.0221,0.043,0.7679
0.166,0.0228,0.04215,0.76905
0.16475,0.0241,0.042,0.76915
0.1647,0.0242,0.0424,0.7687
0.1632,0.02435,0.04375,0.7687
0.1623,0.0245,0.04455,0.76865
0.16185,0.02515,0.04295,0.77005
0.1615,0.02425,0.0432,0.77105
0.1604,0.02285,0.04435,0.7724
0.16035,0.024,0.04405,0.7716
0.16065,0.023,0.04415,0.7722
0.16045,0.02225,0.0441,0.7732
0.15965,0.02235,0.0434,0.7746
0.16035,0.0222,0.0431,0.77435
0.16,0.02245,0.0434,0.77415
0.16145,0.02175,0.0425,0.7743
0.16085,0.02175,0.0425,0.7749
0.16065,0.02225,0.04195,0.77515
0.161,0.0209,0.0428,0.7753
0.16175,0.0205,0.04255,0.7752
0.1602,0.0218,0.04195,0.77605
0.15935,0.0232,0.04175,0.7757
0.15955,0.0232,0.0426,0.77465
0.1594,0.0236,0.043,0.774
0.15885,0.0233,0.04175,0.7761
0.15885,0.02305,0.0417,0.7764
0.15775,0.02195,0.04245,0.77785
0.1566,0.02285,0.0426,0.77795
0.157,0.0221,0.0424,0.7785
0.1577,0.02195,0.04255,0.7778
0.15655,0.0223,0.04155,0.7796
0.1575,0.0217,0.0411,0.7797
0.15725,0.0219,0.0419,0.77895
0.15755,0.0219,0.0407,0.77985
0.15705,0.02275,0.04025,0.77995
0.1589,0.022,0.0393,0.7798
0.15905,0.021,0.04055,0.7794
0.15845,0.0209,0.0408,0.77985
0.1598,0.0209,0.04005,0.77925
0.16045,0.02055,0.0393,0.7797
0.16095,0.0207,0.03845,0.7799
0.16125,0.02025,0.03855,0.77995
0.16045,0.0209,0.03885,0.7798
0.16025,0.02175,0.03765,0.78035
0.1612,0.02095,0.03825,0.7796
0.16175,0.01935,0.03885,0.78005
0.1631,0.0188,0.0397,0.7784
0.16325,0.01915,0.03895,0.77865
0.164,0.0195,0.038,0.7785
0.16385,0.01985,0.0377,0.7786
0.16315,0.0212,0.03695,0.7787
0.1628,0.0216,0.0377,0.7779
0.16315,0.0218,0.03765,0.7774
0.1626,0.0217,0.0374,0.7783
0.16225,0.02165,0.0386,0.7775
0.1621,0.02135,0.03875,0.7778
0.16175,0.02215,0.0377,0.7784
0.162,0.02055,0.03855,0.7789
0.1628,0.01985,0.03945,0.7779
0.163,0.01965,0.0391,0.77825
0.1615,0.0213,0.0379,0.7793
0.16105,0.02235,0.037,0.7796
0.1608,0.02185,0.03785,0.7795
0.16135,0.02055,0.0387,0.7794
0.1609,0.0202,0.0393,0.7796
0.1603,0.0202,0.03945,0.78005
0.1592,0.0216,0.03905,0.78015
0.15955,0.02225,0.03825,0.77995
0.16035,0.02235,0.0384,0.7789
0.1602,0.02135,0.03925,0.7792
0.16035,0.02115,0.04005,0.77845
0.1598,0.0221,0.0399,0.7782
0.16135,0.0209,0.041,0.77675
0.1616,0.0208,0.04135,0.77625
0.1606,0.022,0.0401,0.7773
0.16015,0.0219,0.0412,0.77675
0.16105,0.0214,0.0419,0.77565
0.16025,0.0219,0.0413,0.77655
0.1591,0.02245,0.04155,0.7769
0.1591,0.02245,0.0419,0.77655
0.1601,0.02265,0.04235,0.7749
0.15965,0.0231,0.04225,0.775
0.15955,0.02295,0.04215,0.77535
0.1594,0.0228,0.04195,0.77585
0.16005,0.02305,0.0421,0.7748
0.1593,0.0223,0.0422,0.7762
0.15725,0.022,0.0431,0.77765
0.15655,0.0227,0.04215,0.7786
0.15505,0.0231,0.0424,0.77945
0.1553,0.0226,0.04245,0.77965
0.15605,0.02205,0.043,0.7789
0.15605,0.0212,0.04355,0.7792
0.1559,0.02165,0.043,0.77945
0.1549,0.02295,0.0417,0.78045
0.15375,0.02365,0.0417,0.7809
0.1526,0.02435,0.04155,0.7815
0.1529,0.0235,0.04175,0.78185
0.1532,0.02215,0.0422,0.78245
0.15265,0.023,0.04085,0.7835
0.1523,0.0235,0.0413,0.7829
0.15175,0.02315,0.0422,0.7829
0.1526,0.0226,0.04205,0.78275
0.15405,0.0225,0.04165,0.7818
0.15355,0.02205,0.04325,0.78115
0.1525,0.02185,0.0441,0.78155
0.15145,0.02305,0.04315,0.78235
0.15135,0.0229,0.0436,0.78215
0.1522,0.02175,0.04395,0.7821
0.15115,0.02275,0.04175,0.78435
0.1517,0.02155,0.0425,0.78425
0.1511,0.0218,0.0423,0.7848
0.15175,0.021,0.04315,0.7841
0.1516,0.02135,0.0423,0.78475
0.1521,0.02155,0.04075,0.7856
0.15365,0.0215,0.03995,0.7849
0.1523,0.0229,0.04,0.7848
0.1534,0.0222,0.0397,0.7847
0.154,0.0211,0.03995,0.78495
0.1535,0.021,0.03905,0.78645
0.15365,0.0204,0.03965,0.7863
0.15415,0.0212,0.03815,0.7865
0.1543,0.0205,0.03875,0.78645
0.1555,0.01905,0.0401,0.78535
0.15565,0.02025,0.0389,0.7852
0.15665,0.0204,0.0384,0.78455
0.15635,0.02085,0.0378,0.785
0.15645,0.02165,0.0371,0.7848
0.1566,0.0216,0.0372,0.7846
0.15785,0.0206,0.03645,0.7851
0.15845,0.0192,0.03725,0.7851
0.16015,0.0187,0.0372,0.78395
0.1598,0.0191,0.0367,0.7844
0.16075,0.019,0.0363,0.78395
0.16135,0.01915,0.03615,0.78335
0.16115,0.01975,0.03485,0.78425
0.1622,0.0206,0.03345,0.78375
0.1627,0.0205,0.0336,0.7832
0.16415,0.02035,0.03255,0.78295
0.1653,0.0187,0.0338,0.7822
0.16525,0.0185,0.0348,0.78145
0.16615,0.01935,0.0341,0.7804
0.1666,0.0196,0.03345,0.78035
0.16705,0.01885,0.03445,0.77965
0.1672,0.01915,0.0347,0.77895
0.1681,0.01885,0.035,0.77805
0.1689,0.01785,0.0367,0.77655
0.16895,0.018,0.03655,0.7765
0.17105,0.0175,0.036,0.77545
0.17035,0.0193,0.03535,0.775
0.1707,0.019,0.0361,0.7742
0.17075,0.01935,0.0354,0.7745
0.1704,0.0189,0.03595,0.77475
0.171,0.0196,0.03595,0.77345
0.1716,0.0204,0.03525,0.77275
0.1713,0.0199,0.03625,0.77255
0.1718,0.0198,0.03665,0.77175
0.1726,0.0185,0.03745,0.77145
0.1718,0.02015,0.03605,0.772
0.1715,0.02095,0.03625,0.7713
0.17215,0.02155,0.0362,0.7701
0.1723,0.02075,0.03665,0.7703
0.1719,0.02105,0.03785,0.7692
0.1725,0.0208,0.03805,0.76865
0.1714,0.0216,0.03885,0.76815
0.1711,0.02305,0.03875,0.7671
0.1709,0.0233,0.0379,0.7679
0.17065,0.02405,0.03755,0.76775
0.1698,0.0247,0.03835,0.76715
0.17025,0.0236,0.03835,0.7678
0.171,0.02175,0.039,0.76825
0.1703,0.0206,0.0402,0.7689
0.16935,0.02115,0.0401,0.7694
0.1693,0.02305,0.0382,0.76945
0.1684,0.0235,0.0392,0.7689
0.16815,0.0243,0.0395,0.76805
0.16865,0.024,0.0403,0.76705
0.16845,0.02365,0.04095,0.76695
0.16725,0.02425,0.04095,0.76755
0.16675,0.02435,0.0411,0.7678
0.16615,0.02485,0.04195,0.76705
0.1646,0.02475,0.04335,0.7673
0.1649,0.0244,0.0434,0.7673
0.16445,0.02545,0.0429,0.7672
0.1656,0.0241,0.0435,0.7668
0.16435,0.0249,0.04375,0.767
0.1637,0.02405,0.045,0.76725
0.1631,0.0248,0.04445,0.76765
0.1617,0.02545,0.0448,0.76805
0.16135,0.02545,0.04435,0.76885
0.16065,0.02455,0.0446,0.7702
0.1594,0.0251,0.0447,0.7708
0.1593,0.0228,0.04605,0.77185
0.1585,0.0232,0.04655,0.77175
0.15775,0.0237,0.0464,0.77215
0.15785,0.02375,0.04565,0.77275
0.1565,0.0245,0.04525,0.77375
0.15535,0.02585,0.04455,0.77425
0.15525,0.02515,0.0449,0.7747
0.15325,0.0251,0.04575,0.7759
0.1533,0.02485,0.04555,0.7763
0.1529,0.0237,0.0467,0.7767
0.1532,0.0229,0.04735,0.77655
0.1528,0.02285,0.04665,0.7777
0.1536,0.0226,0.0459,0.7779
0.1535,0.0219,0.04585,0.77875
0.15315,0.02325,0.0443,0.7793
0.1526,0.02315,0.0433,0.78095
0.15195,0.0239,0.04195,0.7822
0.15245,0.0232,0.04295,0.7814
0.15205,0.0226,0.04205,0.7833
0.1528,0.02185,0.04305,0.7823
0.15395,0.02095,0.0427,0.7824
0.1541,0.0215,0.0425,0.7819
0.15475,0.02155,0.0417,0.782
0.15585,0.0212,0.04125,0.7817
0.1557,0.02125,0.04225,0.7808
0.1565,0.02065,0.04185,0.781
0.15595,0.02125,0.04185,0.78095
0.15515,0.0227,0.04045,0.7817
0.15385,0.0231,0.0413,0.78175
0.15295,0.0239,0.04115,0.782
0.1531,0.02345,0.04155,0.7819
0.15285,0.0227,0.0425,0.78195
0.15355,0.0235,0.04105,0.7819
0.1531,0.0239,0.0405,0.7825
0.1539,0.0232,0.04085,0.78205
0.15495,0.0215,0.0412,0.78235
0.1561,0.0203,0.04155,0.78205
0.1564,0.02,0.042,0.7816
0.15705,0.02,0.04205,0.7809
0.15655,0.02135,0.04125,0.78085
0.1569,0.0213,0.0402,0.7816
0.1562,0.0224,0.03995,0.78145
0.15595,0.02205,0.0403,0.7817
0.15665,0.0216,0.04065,0.7811
0.1564,0.0216,0.04125,0.78075
0.1569,0.02155,0.04095,0.7806
0.1561,0.02095,0.04155,0.7814
0.1549,0.02185,0.0414,0.78185
0.15695,0.0216,0.0409,0.78055
0.1572,0.0216,0.041,0.7802
0.15825,0.021,0.04175,0.779
0.15905,0.0212,0.0418,0.77795
0.1589,0.02115,0.0422,0.77775
0.15785,0.02225,0.04195,0.77795
0.15785,0.0238,0.0415,0.77685
0.15805,0.02335,0.042,0.7766
0.15805,0.0229,0.04215,0.7769
0.1578,0.02265,0.0412,0.77835
0.15785,0.02315,0.0409,0.7781
0.1584,0.0226,0.0402,0.7788
0.1589,0.0215,0.04095,0.77865
0.1608,0.01995,0.04135,0.7779
0.16165,0.01955,0.04065,0.77815
0.1605,0.02105,0.03975,0.7787
0.1607,0.0203,0.04035,0.77865
0.1617,0.0205,0.0403,0.7775
0.1606,0.0209,0.04025,0.77825
0.16085,0.0221,0.0394,0.77765
0.1605,0.02255,0.03965,0.7773
0.1615,0.02185,0.0403,0.77635
0.1627,0.02115,0.04075,0.7754
0.16145,0.02165,0.04035,0.77655
0.1612,0.0218,0.04005,0.77695
0.1621,0.02095,0.0401,0.77685
0.1612,0.0219,0.03945,0.77745
0.1601,0.0224,0.0397,0.7778
0.1596,0.02285,0.0395,0.77805
0.1605,0.0229,0.04015,0.77645
0.16125,0.023,0.0392,0.77655
0.16185,0.02205,0.0402,0.7759
0.1629,0.0215,0.0405,0.7751
0.16275,0.0218,0.04095,0.7745
0.16365,0.0219,0.0406,0.77385
0.16305,0.0217,0.04115,0.7741
0.16325,0.0224,0.04145,0.7729
0.16295,0.0226,0.04185,0.7726
0.16355,0.0223,0.04255,0.7716
0.1622,0.02315,0.04185,0.7728
0.1614,0.023,0.0422,0.7734
0.1606,0.0234,0.0424,0.7736
0.16105,0.02405,0.04225,0.77265
0.1614,0.025,0.0407,0.7729
0.1615,0.02455,0.0419,0.77205
0.16125,0.02455,0.04255,0.77165
0.16145,0.0234,0.04265,0.7725
0.16135,0.02305,0.04335,0.77225
0.1601,0.0234,0.04345,0.77305
0.15865,0.0243,0.0431,0.77395
0.15965,0.02355,0.04375,0.77305
0.1592,0.02285,0.04415,0.7738
0.15895,0.02275,0.04365,0.77465
0.1583,0.02425,0.04335,0.7741
0.15685,0.0249,0.04275,0.7755
0.15635,0.02425,0.04295,0.77645
0.15685,0.0236,0.04355,0.776
0.15585,0.02485,0.04335,0.77595
0.15555,0.02525,0.0431,0.7761
0.1556,0.0247,0.04345,0.77625
0.15585,0.023,0.0448,0.77635
0.155,0.0231,0.04385,0.77805
0.1544,0.02295,0.04265,0.78
0.15385,0.023,0.0424,0.78075
0.152,0.0238,0.04195,0.78225
0.15225,0.02365,0.04195,0.78215
0.1525,0.02385,0.04215,0.7815
0.15245,0.02355,0.0425,0.7815
0.15305,0.0222,0.0436,0.78115
0.1523,0.02295,0.04305,0.7817
0.1525,0.0228,0.04275,0.78195
0.15325,0.0206,0.0427,0.78345
0.15295,0.0222,0.0418,0.78305
0.15225,0.0218,0.0421,0.78385
0.15215,0.02185,0.04135,0.78465
0.1523,0.0215,0.0412,0.785
0.15105,0.02235,0.0411,0.7855
0.15045,0.02195,0.04155,0.78605
0.15135,0.02165,0.04105,0.78595
0.15125,0.02105,0.041,0.7867
0.1515,0.0211,0.0409,0.7865
0.15175,0.0215,0.0403,0.78645
0.15195,0.0207,0.03985,0.7875
0.1528,0.02025,0.0405,0.78645
0.15375,0.02055,0.0403,0.7854
0.15395,0.0206,0.0394,0.78605
0.15415,0.0199,0.03945,0.7865
0.15445,0.02125,0.03795,0.78635
0.15465,0.0215,0.03835,0.7855
0.157,0.0202,0.03935,0.78345
0.1578,0.02075,0.03865,0.7828
0.15815,0.02015,0.0383,0.7834
0.15795,0.02055,0.03875,0.78275
0.1572,0.0204,0.03785,0.78455
0.1575,0.02125,0.03795,0.7833
0.15765,0.02205,0.03715,0.78315
0.1587,0.0217,0.038,0.7816
0.1594,0.02115,0.03935,0.7801
0.15975,0.0206,0.0394,0.78025
0.15985,0.02025,0.04005,0.77985
0.16095,0.02035,0.03975,0.77895
0.1603,0.0221,0.0388,0.7788
0.1616,0.0221,0.0392,0.7771
0.16195,0.0223,0.0388,0.77695
0.1623,0.02125,0.0387,0.77775
0.1607,0.0225,0.03855,0.77825
0.16025,0.0231,0.0388,0.77785
0.1606,0.0234,0.0386,0.7774
0.16105,0.0225,0.03905,0.7774
0.161,0.02135,0.0413,0.77635
0.1619,0.02135,0.04095,0.7758
0.16175,0.0207,0.0413,0.77625
0.16255,0.0212,0.0409,0.77535
0.1631,0.02065,0.04145,0.7748
0.16275,0.02175,0.04,0.7755
0.16195,0.02205,0.03995,0.77605
0.16255,0.02235,0.0402,0.7749
0.1629,0.02175,0.0409,0.77445
0.16275,0.0218,0.0405,0.77495
0.16205,0.02195,0.04085,0.77515
0.1613,0.02155,0.0411,0.77605
0.16145,0.02165,0.04,0.7769
0.16175,0.02115,0.03975,0.77735
0.16285,0.01945,0.04045,0.77725
0.1632,0.0203,0.03945,0.77705
0.1627,0.0207,0.0389,0.7777
0.16375,0.0209,0.0381,0.77725
0.1645,0.02095,0.03885,0.7757
0.16405,0.0209,0.0383,0.77675
0.16325,0.0221,0.03855,0.7761
0.16425,0.0221,0.03925,0.7744
0.1637,0.023,0.03905,0.77425
0.1636,0.0237,0.03885,0.77385
0.16365,0.02285,0.0401,0.7734
0.16295,0.0236,0.0403,0.77315
0.1625,0.0233,0.0406,0.7736
0.16205,0.0238,0.04095,0.7732
0.1612,0.02435,0.0416,0.77285
0.1607,0.02375,0.04325,0.7723
0.1601,0.0244,0.04165,0.77385
0.1595,0.02375,0.04275,0.774
0.15965,0.0238,0.04315,0.7734
0.16025,0.0236,0.0428,0.77335
0.15945,0.02385,0.0435,0.7732
0.15925,0.02345,0.0429,0.7744
0.1595,0.02245,0.04325,0.7748
0.15985,0.02195,0.04335,0.77485
0.1587,0.0232,0.0431,0.775
0.1579,0.02435,0.0425,0.77525
0.15675,0.0242,0.0428,0.77625
0.15515,0.0246,0.04295,0.7773
0.15675,0.023,0.0433,0.77695
0.1566,0.0223,0.04405,0.77705
0.15625,0.0238,0.0423,0.77765
0.15745,0.02335,0.04275,0.77645
0.15695,0.02255,0.04395,0.77655
0.15765,0.02185,0.0436,0.7769
0.15775,0.0218,0.04335,0.7771
0.15745,0.02185,0.0433,0.7774
0.1579,0.0218,0.0424,0.7779
0.15745,0.02095,0.0421,0.7795
