0.999,0.0,0.001,0.0
0.99835,0.00065,0.001,0.0
0.99695,0.00205,0.0008,0.0002
0.99595,0.00295,0.00085,0.00025
0.995,0.00325,0.0014,0.00035
0.99385,0.0038,0.0019,0.00045
0.99215,0.0048,0.0024,0.00065
0.99095,0.00495,0.00315,0.00095
0.98865,0.00595,0.00405,0.00135
0.98545,0.0081,0.005,0.00145
0.98145,0.0109,0.00585,0.0018
0.9774,0.01275,0.0077,0.00215
0.9722,0.0157,0.0093,0.0028
0.9653,0.0203,0.0109,0.0035
0.956,0.02525,0.0139,0.00485
0.9464,0.03055,0.01725,0.0058
0.9345,0.0365,0.0213,0.0077
0.91975,0.04535,0.02475,0.01015
0.90265,0.054,0.031,0.01235
0.87965,0.0672,0.0379,0.01525
0.85245,0.0824,0.04585,0.0193
0.8237,0.09495,0.05695,0.0244
0.7881,0.11175,0.0704,0.02975
0.74465,0.13385,0.08355,0.03795
0.6932,0.1599,0.1011,0.0458
0.6423,0.18115,0.12065,0.0559
0.5845,0.2014,0.14615,0.06795
0.5198,0.2252,0.1725,0.0825
0.45605,0.2422,0.20105,0.1007
0.38925,0.2576,0.2311,0.12205
0.32505,0.2678,0.2627,0.14445
0.2642,0.26835,0.29495,0.1725
0.20965,0.2651,0.3218,0.20345
0.16095,0.2551,0.3463,0.23765
0.12165,0.23515,0.3694,0.2738
0.09175,0.21165,0.38255,0.31405
0.0677,0.1855,0.38815,0.35865
0.05075,0.15715,0.39025,0.40185
0.03755,0.1315,0.3839,0.44705
0.0296,0.10755,0.3713,0.49155
0.0243,0.08695,0.35235,0.5364
0.02055,0.06975,0.33005,0.57965
0.01705,0.05755,0.306,0.6194
0.01535,0.0456,0.2839,0.65515
0.01405,0.0372,0.25945,0.6893
0.01245,0.03055,0.23585,0.72115
0.0127,0.02415,0.21335,0.7498
0.01265,0.01995,0.1915,0.7759
0.0131,0.0162,0.1732,0.7975
0.01425,0.0141,0.15405,0.8176
0.01435,0.0119,0.1378,0.83595
0.01535,0.01015,0.12125,0.85325
0.01695,0.00865,0.10735,0.86705
0.01855,0.00735,0.0961,0.878
0.0201,0.0063,0.08585,0.88775
0.02195,0.0059,0.07735,0.8948
0.0234,0.0055,0.06835,0.90275
0.0254,0.00495,0.0594,0.91025
0.02805,0.0046,0.05285,0.9145
0.03,0.00405,0.0474,0.91855
0.03245,0.00365,0.04175,0.92215
0.03485,0.00425,0.03755,0.92335
0.0372,0.00445,0.0335,0.92485
0.03945,0.0045,0.02995,0.9261
0.042,0.00385,0.02675,0.9274
0.044,0.00405,0.02445,0.9275
0.04675,0.0036,0.02275,0.9269
0.04905,0.00345,0.0208,0.9267
0.05165,0.0035,0.0186,0.92625
0.05475,0.0031,0.0162,0.92595
0.0573,0.0026,0.01425,0.92585
0.0604,0.00215,0.013,0.92445
0.0632,0.00235,0.01175,0.9227
0.0661,0.0019,0.0111,0.9209
0.069,0.0019,0.01045,0.91865
0.0717,0.00215,0.0099,0.91625
0.0735,0.00205,0.00885,0.9156
0.0762,0.0021,0.0079,0.9138
0.07925,0.0022,0.007,0.91155
0.08205,0.0022,0.00665,0.9091
0.08535,0.00205,0.00585,0.90675
0.08845,0.00175,0.00585,0.90395
0.09095,0.00155,0.006,0.9015
0.09305,0.00175,0.00545,0.89975
0.0953,0.002,0.005,0.8977
0.0971,0.002,0.00505,0.89585
0.0997,0.0021,0.0047,0.8935
0.10265,0.0021,0.0039,0.89135
0.1049,0.0018,0.0041,0.8892
0.10775,0.0016,0.0039,0.88675
0.1102,0.0017,0.00395,0.88415
0.1131,0.00155,0.004,0.88135
0.1153,0.0018,0.00365,0.87925
0.118,0.00185,0.0037,0.87645
0.1206,0.00175,0.0037,0.87395
0.1236,0.0017,0.00325,0.87145
0.1263,0.0015,0.003,0.8692
0.12925,0.00115,0.00315,0.86645
0.13265,0.00105,0.0028,0.8635
0.13495,0.00095,0.00265,0.86145
0.1377,0.00105,0.0027,0.85855
0.14025,0.0009,0.0025,0.85635
0.1433,0.00095,0.0023,0.85345
0.1458,0.00095,0.0023,0.85095
0.14865,0.0011,0.002,0.84825
0.1513,0.001,0.00215,0.84555
0.1539,0.00095,0.0019,0.84325
0.1571,0.001,0.00165,0.84025
0.15915,0.001,0.0017,0.83815
0.16195,0.0009,0.00175,0.8354
0.16485,0.00095,0.00165,0.83255
0.1674,0.0011,0.00165,0.82985
0.1697,0.001,0.00175,0.82755
0.1723,0.0008,0.00185,0.82505
0.17465,0.0008,0.0018,0.82275
0.1774,0.0009,0.0016,0.8201
0.1795,0.0007,0.0017,0.8181
0.1818,0.0006,0.00175,0.81585
0.18465,0.0007,0.0015,0.81315
0.18695,0.0009,0.00155,0.8106
0.1896,0.00095,0.00145,0.808
0.1922,0.00075,0.00155,0.8055
0.1943,0.0007,0.0015,0.8035
0.19685,0.0007,0.00135,0.8011
0.1989,0.0009,0.00115,0.79905
0.2012,0.00075,0.001,0.79705
0.20365,0.00065,0.00115,0.79455
0.2059,0.00065,0.001,0.79245
0.20825,0.0006,0.0011,0.79005
0.21035,0.00085,0.00095,0.78785
0.21325,0.0008,0.0009,0.78505
0.2148,0.0007,0.0011,0.7834
0.21675,0.00055,0.0011,0.7816
0.21915,0.00045,0.00115,0.77925
0.2214,0.00045,0.00105,0.7771
0.223,0.0007,0.00085,0.77545
0.2254,0.0006,0.00095,0.77305
0.22705,0.00045,0.00105,0.77145
0.229,0.00055,0.001,0.76945
0.23015,0.0007,0.00105,0.7681
0.23225,0.0007,0.00085,0.7662
0.23415,0.0006,0.00085,0.7644
0.2362,0.0005,0.00095,0.76235
0.2381,0.0006,0.0009,0.7604
0.24,0.00055,0.00105,0.7584
0.242,0.00085,0.001,0.75615
0.24395,0.0008,0.001,0.75425
0.24655,0.00065,0.00125,0.75155
0.24825,0.0007,0.00125,0.7498
0.25005,0.00105,0.0012,0.7477
0.25245,0.0011,0.00115,0.7453
0.2549,0.0007,0.0016,0.7428
0.25635,0.0009,0.00145,0.7413
0.2579,0.00105,0.0015,0.73955
0.25995,0.00115,0.00155,0.73735
0.26175,0.00115,0.00155,0.73555
0.2629,0.00135,0.0014,0.73435
0.265,0.0012,0.0015,0.7323
0.26625,0.00135,0.0013,0.7311
0.2685,0.00135,0.0012,0.72895
0.2707,0.0012,0.0014,0.7267
0.27285,0.00105,0.00165,0.72445
0.27465,0.0014,0.0017,0.72225
0.2761,0.0015,0.00175,0.72065
0.2782,0.0013,0.00185,0.71865
0.2799,0.00145,0.0022,0.71645
0.28105,0.00165,0.0023,0.715
0.2828,0.00185,0.00235,0.713
0.2853,0.0019,0.00255,0.71025
0.2867,0.0022,0.00255,0.70855
0.2883,0.002,0.00305,0.70665
0.28995,0.0021,0.0034,0.70455
0.2909,0.0025,0.0036,0.703
0.29235,0.00275,0.00335,0.70155
0.29415,0.00275,0.0036,0.6995
0.296,0.00265,0.00385,0.6975
0.2969,0.0032,0.004,0.6959
0.29745,0.0034,0.0044,0.69475
0.29885,0.00365,0.00495,0.69255
0.3,0.0044,0.00535,0.69025
0.30035,0.00485,0.00595,0.68885
0.30095,0.0052,0.00605,0.6878
0.3021,0.005,0.00645,0.68645
0.30205,0.00555,0.00695,0.68545
0.30265,0.0059,0.00715,0.6843
0.3036,0.0058,0.00795,0.68265
0.3035,0.00675,0.00835,0.6814
0.3037,0.00765,0.0085,0.68015
0.304,0.00765,0.00925,0.6791
0.30365,0.00855,0.00995,0.67785
0.30355,0.00885,0.01005,0.67755
0.30335,0.009,0.01055,0.6771
0.30295,0.0091,0.0114,0.67655
0.30205,0.01015,0.01215,0.67565
0.3013,0.0111,0.0127,0.6749
0.30045,0.01125,0.0137,0.6746
0.2992,0.01165,0.015,0.67415
0.2984,0.01265,0.01505,0.6739
0.2974,0.0134,0.0161,0.6731
0.2954,0.01445,0.0171,0.67305
0.2937,0.016,0.01765,0.67265
0.29225,0.0155,0.01935,0.6729
0.28915,0.0168,0.02105,0.673
0.2864,0.0187,0.02185,0.67305
0.2835,0.01975,0.0233,0.67345
0.27955,0.0212,0.0249,0.67435
0.27585,0.02225,0.02625,0.67565
0.27225,0.02315,0.0281,0.6765
0.2682,0.02425,0.02965,0.6779
0.2642,0.0253,0.03145,0.67905
0.2611,0.025,0.03345,0.68045
0.2569,0.02625,0.0334,0.68345
0.2528,0.0279,0.0351,0.6842
0.24695,0.0284,0.0379,0.68675
0.24175,0.03045,0.03865,0.68915
0.2369,0.0318,0.0405,0.6908
0.2326,0.03145,0.0427,0.69325
0.22665,0.0328,0.04405,0.6965
0.22135,0.0337,0.0461,0.69885
0.21555,0.0341,0.0488,0.70155
0.21055,0.03405,0.0494,0.706
0.20545,0.0339,0.05175,0.7089
0.1987,0.03495,0.05295,0.7134
0.1932,0.0353,0.0548,0.7167
0.18715,0.0352,0.05695,0.7207
0.1821,0.0344,0.0587,0.7248
0.17755,0.0335,0.0603,0.72865
0.17225,0.03365,0.0618,0.7323
0.1665,0.03475,0.0621,0.73665
0.16135,0.03365,0.0636,0.7414
0.15565,0.03485,0.063,0.7465
0.15105,0.0356,0.0628,0.75055
0.14685,0.03415,0.06375,0.75525
0.1423,0.0349,0.06295,0.75985
0.13775,0.034,0.06305,0.7652
0.1345,0.03275,0.0629,0.76985
0.1295,0.03385,0.06165,0.775
0.12615,0.0327,0.062,0.77915
0.1247,0.0308,0.06125,0.78325
0.12125,0.02955,0.06245,0.78675
0.11905,0.02865,0.0614,0.7909
0.11685,0.0284,0.05955,0.7952
0.115,0.02695,0.0589,0.79915
0.11345,0.02595,0.05805,0.80255
0.11145,0.0257,0.0564,0.80645
0.11055,0.02485,0.0544,0.8102
0.11,0.0232,0.05355,0.81325
0.1088,0.0221,0.05235,0.81675
0.10845,0.0209,0.05075,0.8199
0.10825,0.01995,0.05015,0.82165
0.1085,0.0194,0.04855,0.82355
0.10975,0.0183,0.04695,0.825
0.1095,0.01775,0.04465,0.8281
0.11025,0.01705,0.04365,0.82905
0.1105,0.01685,0.0419,0.83075
0.11175,0.01555,0.0403,0.8324
0.11275,0.0158,0.0388,0.83265
0.11365,0.01645,0.03765,0.83225
0.1145,0.01625,0.0359,0.83335
0.1155,0.0155,0.03465,0.83435
0.1171,0.0153,0.03365,0.83395
0.1183,0.01395,0.03335,0.8344
0.1199,0.0128,0.0324,0.8349
0.1208,0.0129,0.03085,0.83545
0.12225,0.0131,0.02925,0.8354
0.1237,0.0135,0.02765,0.83515
0.1252,0.01305,0.02735,0.8344
0.1276,0.0119,0.0274,0.8331
0.12995,0.01125,0.02655,0.83225
0.1317,0.0107,0.0263,0.8313
0.13325,0.01125,0.0246,0.8309
0.13525,0.01185,0.0235,0.8294
0.1372,0.0121,0.02235,0.82835
0.13955,0.0115,0.02155,0.8274
0.14265,0.01085,0.02195,0.82455
0.1446,0.011,0.02165,0.82275
0.14655,0.0111,0.022,0.82035
0.1481,0.01145,0.02125,0.8192
0.1505,0.0114,0.0208,0.8173
0.1521,0.01175,0.02065,0.8155
0.15435,0.01215,0.0205,0.813
0.15595,0.0112,0.0207,0.81215
0.15815,0.0107,0.0209,0.81025
0.16035,0.01145,0.0209,0.8073
0.1618,0.0125,0.0202,0.8055
0.1635,0.01185,0.0207,0.80395
0.1665,0.0111,0.02165,0.80075
0.16835,0.0107,0.0221,0.79885
0.16985,0.011,0.022,0.79715
0.17155,0.01115,0.02215,0.79515
0.17305,0.0113,0.0222,0.79345
0.17435,0.01185,0.02185,0.79195
0.1764,0.0127,0.02135,0.78955
0.1783,0.0119,0.0223,0.7875
0.17965,0.01165,0.02215,0.78655
0.1806,0.0127,0.0218,0.7849
0.18175,0.01325,0.02165,0.78335
0.183,0.0134,0.0225,0.7811
0.18295,0.0142,0.02305,0.7798
0.18385,0.01445,0.0235,0.7782
0.18525,0.01455,0.02335,0.77685
0.18545,0.0152,0.024,0.77535
0.18675,0.01505,0.0247,0.7735
0.18725,0.0157,0.02525,0.7718
0.18765,0.01605,0.02545,0.77085
0.18815,0.0167,0.0265,0.76865
0.18905,0.0171,0.0268,0.76705
0.1899,0.01645,0.02755,0.7661
0.19,0.01685,0.02805,0.7651
0.1902,0.0175,0.0282,0.7641
0.1901,0.0178,0.02945,0.76265
0.19025,0.0181,0.02955,0.7621
0.19085,0.0181,0.0304,0.76065
0.19045,0.0182,0.0311,0.76025
0.19065,0.0185,0.031,0.75985
0.19095,0.01875,0.03135,0.75895
0.1917,0.0183,0.0321,0.7579
0.19155,0.01935,0.03195,0.75715
0.1922,0.01915,0.0327,0.75595
0.1917,0.01935,0.03345,0.7555
0.1919,0.01965,0.03295,0.7555
0.191,0.02095,0.03335,0.7547
0.1921,0.02055,0.033,0.75435
0.19175,0.0207,0.0333,0.75425
0.19225,0.02095,0.0336,0.7532
0.19125,0.0215,0.0334,0.75385
0.19095,0.0211,0.03505,0.7529
0.1903,0.02155,0.0361,0.75205
0.19015,0.0223,0.03625,0.7513
0.18925,0.02265,0.03625,0.75185
0.1881,0.02275,0.0375,0.75165
0.1875,0.0232,0.03795,0.75135
0.187,0.0225,0.0379,0.7526
0.18675,0.022,0.0395,0.75175
0.18435,0.02295,0.0399,0.7528
0.18275,0.0245,0.0403,0.75245
0.1806,0.0256,0.0409,0.7529
0.1794,0.02675,0.04085,0.753
0.17795,0.02625,0.0421,0.7537
0.1773,0.0257,0.043,0.754
0.17605,0.02575,0.04375,0.75445
0.1741,0.0251,0.0445,0.7563
0.17255,0.02655,0.0439,0.757
0.17165,0.0271,0.0443,0.75695
0.1719,0.0259,0.0456,0.7566
0.17045,0.02605,0.0453,0.7582
0.16955,0.0259,0.0449,0.75965
0.16845,0.02585,0.04615,0.75955
0.16785,0.0262,0.04585,0.7601
0.1669,0.0266,0.04595,0.76055
0.1647,0.0277,0.0457,0.7619
0.16455,0.02645,0.0473,0.7617
0.1632,0.02605,0.0476,0.76315
0.16275,0.02515,0.0484,0.7637
0.16215,0.02575,0.04895,0.76315
0.161,0.02655,0.0496,0.76285
0.16015,0.02635,0.04975,0.76375
0.15905,0.02625,0.04985,0.76485
0.15715,0.02655,0.05105,0.76525
0.15525,0.02785,0.04935,0.76755
0.1547,0.0281,0.04945,0.76775
0.154,0.02715,0.04915,0.7697
0.15295,0.0266,0.0488,0.77165
0.15165,0.02705,0.04825,0.77305
0.15185,0.02635,0.0479,0.7739
0.1515,0.02525,0.04795,0.7753
0.1505,0.025,0.04875,0.77575
0.14995,0.0253,0.04805,0.7767
0.1503,0.02415,0.04785,0.7777
0.1487,0.0253,0.0473,0.7787
0.14915,0.0246,0.04725,0.779
0.14945,0.02375,0.04635,0.78045
0.1496,0.0236,0.04625,0.78055
0.1493,0.02315,0.04625,0.7813
0.1495,0.0235,0.04445,0.78255
0.15045,0.0237,0.0436,0.78225
0.14875,0.0244,0.0432,0.78365
0.1498,0.02425,0.04385,0.7821
0.15,0.0239,0.04435,0.78175
0.1512,0.02255,0.04535,0.7809
0.1502,0.02335,0.0443,0.78215
0.1502,0.0233,0.0435,0.783
0.1501,0.02355,0.043,0.78335
0.15,0.02335,0.042,0.78465
0.1506,0.02315,0.0416,0.78465
0.1507,0.0226,0.0421,0.7846
0.1514,0.02225,0.04295,0.7834
0.1515,0.02335,0.04185,0.7833
0.15095,0.02375,0.04185,0.78345
0.1514,0.02295,0.04245,0.7832
0.151,0.02215,0.04235,0.7845
0.1522,0.022,0.04255,0.78325
0.15265,0.0221,0.04225,0.783
0.1532,0.02225,0.04215,0.7824
0.155,0.0217,0.0419,0.7814
0.1543,0.02215,0.04205,0.7815
0.1549,0.02145,0.04255,0.7811
0.1552,0.022,0.0429,0.7799
0.1543,0.022,0.0428,0.7809
0.15475,0.02245,0.04225,0.78055
0.15575,0.0229,0.042,0.77935
0.1543,0.0238,0.0422,0.7797
0.15545,0.02285,0.04255,0.77915
0.1543,0.0231,0.04305,0.77955
0.1529,0.0245,0.04255,0.78005
0.15165,0.02545,0.04255,0.78035
0.1512,0.0256,0.04165,0.78155
0.15215,0.02425,0.0428,0.7808
0.1534,0.0227,0.04465,0.77925
0.1545,0.0217,0.04445,0.77935
0.1546,0.0221,0.0443,0.779
0.15455,0.02245,0.04415,0.77885
0.1535,0.0216,0.0446,0.7803
0.1541,0.0216,0.04295,0.78135
0.15425,0.0213,0.04215,0.7823
0.154,0.0211,0.0423,0.7826
0.15365,0.0212,0.0422,0.78295
0.15395,0.0217,0.0425,0.78185
0.15345,0.02235,0.0415,0.7827
0.1546,0.02125,0.0413,0.78285
0.1552,0.0207,0.04185,0.78225
0.15545,0.02185,0.04055,0.78215
0.1561,0.02105,0.0405,0.78235
0.1567,0.02045,0.04105,0.7818
0.1574,0.02025,0.0403,0.78205
0.15755,0.0203,0.0398,0.78235
0.1565,0.0207,0.0403,0.7825
0.1568,0.02165,0.03895,0.7826
0.158,0.02095,0.0381,0.78295
0.15915,0.0198,0.04005,0.781
0.1589,0.02055,0.03925,0.7813
0.15845,0.02115,0.0397,0.7807
0.1595,0.02125,0.039,0.78025
0.15915,0.02205,0.03835,0.78045
0.1584,0.0217,0.0385,0.7814
0.1583,0.02175,0.03865,0.7813
0.15765,0.0223,0.0381,0.78195
0.1594,0.0207,0.03895,0.78095
0.15955,0.02075,0.03895,0.78075
0.1599,0.02015,0.039,0.78095
0.15985,0.0208,0.03825,0.7811
0.1596,0.02265,0.037,0.78075
0.16115,0.0208,0.0374,0.78065
0.16185,0.02035,0.037,0.7808
0.16275,0.0197,0.03655,0.781
0.16345,0.01995,0.03615,0.78045
0.1639,0.02025,0.03545,0.7804
0.16435,0.01975,0.03565,0.78025
0.16545,0.0197,0.0349,0.77995
0.16515,0.01925,0.03565,0.77995
0.16565,0.0191,0.036,0.77925
0.1661,0.01945,0.03615,0.7783
0.16525,0.02035,0.0355,0.7789
0.16615,0.0194,0.03615,0.7783
0.16565,0.01995,0.0371,0.7773
0.1662,0.02085,0.0357,0.77725
0.1663,0.021,0.03555,0.77715
0.1658,0.02135,0.0364,0.77645
0.1664,0.0216,0.03635,0.77565
0.16765,0.0213,0.03725,0.7738
0.16765,0.02145,0.03695,0.77395
0.16865,0.02075,0.03735,0.77325
0.1678,0.0214,0.03755,0.77325
0.16665,0.0218,0.0386,0.77295
0.16705,0.02165,0.03925,0.77205
0.1659,0.02335,0.0387,0.77205
0.16565,0.02305,0.0393,0.772
0.1641,0.0236,0.0388,0.7735
0.16475,0.02305,0.0386,0.7736
0.16385,0.0238,0.0391,0.77325
0.1636,0.02285,0.04025,0.7733
0.16405,0.0221,0.0416,0.77225
0.1638,0.02215,0.04165,0.7724
0.16365,0.0211,0.04195,0.7733
0.1641,0.0208,0.042,0.7731
0.1633,0.02135,0.04235,0.773
0.16225,0.02295,0.04095,0.77385
0.1613,0.0238,0.04,0.7749
0.1611,0.0234,0.0404,0.7751
0.1604,0.0223,0.04135,0.77595
0.1597,0.022,0.0421,0.7762
0.1604,0.0208,0.04255,0.77625
0.16075,0.02165,0.042,0.7756
0.15945,0.02325,0.0414,0.7759
0.1592,0.02365,0.04125,0.7759
0.15775,0.0238,0.0408,0.77765
0.1579,0.0238,0.04135,0.77695
0.1573,0.02285,0.04265,0.7772
0.1566,0.02265,0.0431,0.77765
0.1562,0.0224,0.0431,0.7783
0.1553,0.0231,0.04305,0.77855
0.1553,0.0229,0.0417,0.7801
0.155,0.02215,0.04225,0.7806
0.1544,0.0216,0.04375,0.78025
0.15395,0.0208,0.0432,0.78205
0.1535,0.02045,0.04295,0.7831
0.15335,0.0212,0.0423,0.78315
0.1534,0.02115,0.042,0.78345
0.15385,0.0212,0.04085,0.7841
0.1536,0.02145,0.04045,0.7845
0.15355,0.0214,0.0397,0.78535
0.1538,0.0218,0.0399,0.7845
0.15375,0.02095,0.04085,0.78445
0.15335,0.0214,0.0403,0.78495
0.15375,0.0221,0.03945,0.7847
0.1538,0.0219,0.0404,0.7839
0.15375,0.02245,0.04065,0.78315
0.15405,0.0221,0.04055,0.7833
0.1529,0.0233,0.0396,0.7842
0.153,0.0223,0.03985,0.78485
0.15315,0.0219,0.0406,0.78435
0.15305,0.02175,0.04095,0.78425
0.1534,0.0202,0.04235,0.78405
0.1524,0.02035,0.04265,0.7846
0.15175,0.02025,0.042,0.786
0.15215,0.02085,0.04095,0.78605
0.15345,0.0204,0.04135,0.7848
0.1551,0.02105,0.03825,0.7856
0.15635,0.0198,0.0384,0.78545
0.15645,0.0197,0.03815,0.7857
0.1574,0.0189,0.0373,0.7864
0.15795,0.0196,0.0356,0.78685
0.15855,0.0189,0.03665,0.7859
0.15965,0.0191,0.0371,0.78415
0.161,0.0199,0.03655,0.78255
0.1624,0.0195,0.03625,0.78185
0.16315,0.0206,0.0357,0.78055
0.16375,0.021,0.03495,0.7803
0.1649,0.02085,0.0341,0.78015
0.1666,0.0201,0.0354,0.7779
0.16585,0.02075,0.03455,0.77885
0.1659,0.02025,0.03465,0.7792
0.1658,0.02,0.0355,0.7787
0.1667,0.01975,0.0357,0.77785
0.16795,0.0192,0.03635,0.7765
0.16905,0.0194,0.03605,0.7755
0.16895,0.02005,0.03555,0.77545
0.17045,0.0197,0.0354,0.77445
0.1713,0.0199,0.03635,0.77245
0.17165,0.0207,0.03525,0.7724
0.1713,0.02075,0.03495,0.773
0.172,0.0198,0.03585,0.77235
0.1719,0.0209,0.0357,0.7715
0.17205,0.02175,0.0349,0.7713
0.17145,0.0219,0.03585,0.7708
0.1719,0.0218,0.03645,0.76985
0.1729,0.0216,0.0376,0.7679
0.1727,0.0212,0.038,0.7681
0.17265,0.02105,0.03835,0.76795
0.17265,0.0217,0.03795,0.7677
0.1725,0.0215,0.03795,0.76805
0.1728,0.02185,0.0377,0.76765
0.17315,0.0225,0.0373,0.76705
0.17265,0.0225,0.0383,0.76655
0.17325,0.02175,0.0386,0.7664
0.17335,0.0218,0.03905,0.7658
0.1729,0.0222,0.03965,0.76525
0.1737,0.0216,0.04035,0.76435
0.1731,0.022,0.04055,0.76435
0.17265,0.02245,0.04065,0.76425
0.17145,0.023,0.0407,0.76485
0.17045,0.02375,0.04065,0.76515
0.17005,0.02345,0.04165,0.76485
0.16895,0.02435,0.0406,0.7661
0.16795,0.025,0.0413,0.76575
0.16715,0.0244,0.0425,0.76595
0.1672,0.02485,0.04185,0.7661
0.1665,0.0239,0.0422,0.7674
0.16635,0.02415,0.0419,0.7676
0.16525,0.0241,0.04235,0.7683
0.164,0.02475,0.0424,0.76885
0.1639,0.024,0.0431,0.769
0.1638,0.0246,0.0432,0.7684
0.1638,0.0248,0.043,0.7684
0.165,0.02435,0.0423,0.76835
0.1637,0.0248,0.04375,0.76775
0.1627,0.02535,0.043,0.76895
0.1635,0.02385,0.0438,0.76885
0.1626,0.0231,0.04365,0.77065
0.163,0.02325,0.0434,0.77035
0.1614,0.02465,0.04305,0.7709
0.1607,0.0249,0.04255,0.77185
0.16055,0.02485,0.04265,0.77195
0.16025,0.0253,0.0422,0.77225
0.161,0.0239,0.0437,0.7714
0.1608,0.02295,0.04515,0.7711
0.1592,0.0246,0.0444,0.7718
0.16025,0.0236,0.04395,0.7722
0.1599,0.02355,0.04445,0.7721
0.15905,0.0234,0.04405,0.7735
0.15955,0.02245,0.0448,0.7732
0.1593,0.0218,0.04475,0.77415
0.1598,0.02195,0.0448,0.77345
0.1599,0.02215,0.044,0.77395
0.15895,0.0231,0.0428,0.77515
0.1583,0.02325,0.04375,0.7747
0.15785,0.02325,0.04305,0.77585
0.15805,0.023,0.04285,0.7761
0.1571,0.02375,0.04335,0.7758
0.1569,0.02475,0.0426,0.77575
0.15765,0.02375,0.0448,0.7738
0.1572,0.02425,0.0446,0.77395
0.1572,0.0236,0.04435,0.77485
0.15775,0.0236,0.0435,0.77515
0.158,0.0236,0.0439,0.7745
0.1591,0.02325,0.04335,0.7743
0.15875,0.0226,0.04355,0.7751
0.15895,0.0226,0.0432,0.77525
0.15685,0.0233,0.04295,0.7769
0.15805,0.02315,0.04285,0.77595
0.15815,0.0234,0.04275,0.7757
0.15795,0.0244,0.0416,0.77605
0.15725,0.02355,0.04335,0.77585
0.15685,0.0238,0.043,0.77635
0.1553,0.0247,0.04315,0.77685
0.1551,0.02625,0.0433,0.77535
0.1536,0.02605,0.04445,0.7759
0.15335,0.0254,0.04415,0.7771
0.1531,0.0245,0.04575,0.77665
0.1542,0.024,0.04605,0.77575
0.1545,0.0235,0.04535,0.77665
0.15375,0.0233,0.04585,0.7771
0.1536,0.0239,0.04565,0.77685
0.1527,0.02415,0.04585,0.7773
0.15215,0.0248,0.0457,0.77735
0.15185,0.02455,0.04615,0.77745
0.1513,0.02425,0.04695,0.7775
0.15085,0.0244,0.04685,0.7779
0.1521,0.0239,0.04605,0.77795
0.15095,0.02515,0.0456,0.7783
0.15145,0.02435,0.0465,0.7777
0.1505,0.0248,0.04515,0.77955
0.15045,0.02455,0.0445,0.7805
0.1506,0.02405,0.0436,0.78175
0.1508,0.025,0.0429,0.7813
0.15105,0.02485,0.0424,0.7817
0.1511,0.02445,0.04265,0.7818
0.15175,0.02375,0.0423,0.7822
0.1526,0.0222,0.04325,0.78195
0.1527,0.022,0.0437,0.7816
0.15285,0.02295,0.04345,0.78075
0.15205,0.0245,0.0433,0.78015
0.15305,0.02385,0.0431,0.78
0.1528,0.02335,0.04325,0.7806
0.1538,0.022,0.0435,0.7807
0.154,0.0228,0.04285,0.78035
0.154,0.02335,0.042,0.78065
0.154,0.02345,0.04175,0.7808
0.1532,0.0237,0.04235,0.78075
0.15305,0.02355,0.04285,0.78055
0.1536,0.023,0.04275,0.78065
0.154,0.02225,0.04305,0.7807
0.15415,0.02265,0.0419,0.7813
0.1532,0.0217,0.04195,0.78315
0.1521,0.02335,0.0423,0.78225
0.1524,0.02235,0.0423,0.78295
0.1533,0.0219,0.0425,0.7823
0.154,0.0214,0.0421,0.7825
0.1549,0.02085,0.0423,0.78195
0.15475,0.02155,0.04115,0.78255
0.15475,0.02125,0.0415,0.7825
0.15475,0.02105,0.04255,0.78165
0.1546,0.0224,0.04175,0.78125
0.1556,0.023,0.0413,0.7801
0.15485,0.0229,0.04245,0.7798
0.15425,0.0241,0.0411,0.78055
0.15345,0.02375,0.04145,0.78135
0.1546,0.02295,0.0416,0.78085
0.15505,0.0229,0.0413,0.78075
0.15545,0.0226,0.0404,0.78155
0.15595,0.02295,0.03995,0.78115
0.15535,0.0222,0.04065,0.7818
0.15535,0.02215,0.04105,0.78145
0.1561,0.0213,0.0411,0.7815
0.1556,0.0224,0.04145,0.78055
0.1563,0.02255,0.0402,0.78095
0.15805,0.02125,0.0397,0.781
0.1583,0.02035,0.04015,0.7812
0.15895,0.01985,0.041,0.7802
0.15865,0.02125,0.04035,0.77975
0.1599,0.02055,0.04025,0.7793
0.15925,0.0209,0.0404,0.77945
0.15905,0.0215,0.0397,0.77975
0.1594,0.02215,0.0394,0.77905
0.1596,0.0213,0.04035,0.77875
0.15855,0.02175,0.0416,0.7781
0.15905,0.02125,0.0407,0.779
0.1619,0.0201,0.0408,0.7772
0.1623,0.02025,0.04045,0.777
0.16225,0.02155,0.03955,0.77665
0.16265,0.02215,0.0394,0.7758
0.16385,0.02155,0.04045,0.77415
0.1641,0.0217,0.0415,0.7727
0.164,0.02165,0.0411,0.77325
0.1637,0.0221,0.04075,0.77345
0.1636,0.0227,0.0399,0.7738
0.16345,0.02225,0.04035,0.77395
0.16345,0.021,0.04175,0.7738
0.16285,0.02245,0.0407,0.774
0.1621,0.02255,0.0411,0.77425
0.1621,0.02205,0.04205,0.7738
0.1621,0.02165,0.042,0.77425
0.16155,0.0226,0.0422,0.77365
0.16125,0.0231,0.04055,0.7751
0.16125,0.02245,0.04095,0.77535
0.16095,0.0221,0.04155,0.7754
0.16035,0.02235,0.0412,0.7761
0.16155,0.02235,0.04045,0.77565
0.1616,0.02305,0.04045,0.7749
0.1607,0.02295,0.04115,0.7752
0.16085,0.0239,0.0418,0.77345
0.16035,0.0239,0.0427,0.77305
0.1604,0.0236,0.0434,0.7726
0.15855,0.0246,0.0433,0.77355
0.1594,0.02435,0.0434,0.77285
0.1592,0.0241,0.0442,0.7725
0.1579,0.0248,0.04385,0.77345
0.15735,0.0247,0.0452,0.77275
0.15695,0.02325,0.0459,0.7739
0.1554,0.02495,0.04505,0.7746
0.1558,0.0249,0.04495,0.77435
0.1547,0.02555,0.04475,0.775
0.1545,0.0247,0.04485,0.77595
0.15515,0.02405,0.0447,0.7761
0.1561,0.02285,0.04545,0.7756
0.15575,0.02335,0.04465,0.77625
0.1552,0.0234,0.04425,0.77715
0.1554,0.02295,0.0435,0.77815
0.15385,0.0243,0.043,0.77885
0.1536,0.02315,0.04425,0.779
