0.999,0.0,0.001,0.0
0.9983,0.0007,0.001,0.0
0.99765,0.00135,0.00075,0.00025
0.99695,0.0019,0.00065,0.0005
0.99665,0.0018,0.00095,0.0006
0.99545,0.0026,0.00125,0.0007
0.99455,0.00305,0.00165,0.00075
0.993,0.0042,0.00195,0.00085
0.9916,0.00515,0.00225,0.001
0.9898,0.006,0.0031,0.0011
0.9869,0.00785,0.0039,0.00135
0.98445,0.00895,0.0049,0.0017
0.98135,0.01015,0.0063,0.0022
0.97665,0.013,0.0076,0.00275
0.9714,0.01575,0.0092,0.00365
0.96385,0.02035,0.01135,0.00445
0.95445,0.02625,0.0139,0.0054
0.9433,0.03275,0.01705,0.0069
0.9313,0.0396,0.02065,0.00845
0.9169,0.04645,0.02615,0.0105
0.8974,0.0563,0.0332,0.0131
0.8746,0.06815,0.0413,0.01595
0.84575,0.0842,0.0498,0.02025
0.8119,0.1025,0.0605,0.0251
0.7737,0.122,0.07245,0.03185
0.733,0.13905,0.08905,0.0389
0.68165,0.16405,0.1072,0.0471
0.6267,0.18925,0.12575,0.0583
0.5697,0.20755,0.1519,0.07085
0.5079,0.2291,0.1773,0.0857
0.44405,0.24585,0.2048,0.1053
0.3803,0.26015,0.2352,0.12435
0.3186,0.2677,0.26455,0.14915
0.26135,0.2681,0.294,0.17655
0.20765,0.2626,0.322,0.20775
0.16,0.2488,0.3491,0.2421
0.122,0.2305,0.36625,0.28125
0.0923,0.20845,0.3772,0.32205
0.06865,0.18195,0.3859,0.3635
0.0511,0.15575,0.385,0.40815
0.0388,0.12865,0.37945,0.4531
0.02965,0.1052,0.3646,0.50055
0.02385,0.0838,0.3498,0.54255
0.01945,0.06725,0.3307,0.5826
0.01705,0.05255,0.30915,0.62125
0.01455,0.0428,0.28465,0.658
0.014,0.03465,0.2581,0.69325
0.0132,0.0282,0.23395,0.72465
0.0131,0.0228,0.2111,0.753
0.01275,0.01845,0.18895,0.77985
0.0138,0.01575,0.1704,0.80005
0.01465,0.0132,0.15165,0.8205
0.0165,0.0107,0.1356,0.8372
0.01765,0.00925,0.1201,0.853
0.0192,0.00885,0.1059,0.86605
0.0218,0.00815,0.09425,0.8758
0.0233,0.0073,0.08555,0.88385
0.02485,0.0065,0.07625,0.8924
0.0268,0.0059,0.06675,0.90055
0.0284,0.00555,0.0583,0.90775
0.03065,0.0049,0.05215,0.9123
0.033,0.00445,0.04715,0.9154
0.03575,0.00435,0.0411,0.9188
0.03705,0.00445,0.03635,0.92215
0.0398,0.00485,0.032,0.92335
0.0418,0.0046,0.0286,0.925
0.04455,0.00435,0.02575,0.92535
0.0478,0.00405,0.02335,0.9248
0.0501,0.00425,0.02045,0.9252
0.053,0.0036,0.0181,0.9253
0.05455,0.00335,0.01675,0.92535
0.0578,0.00315,0.01485,0.9242
0.0606,0.0027,0.0138,0.9229
0.063,0.00295,0.01245,0.9216
0.0655,0.00285,0.01145,0.9202
0.06765,0.0026,0.0104,0.91935
0.0704,0.0026,0.00945,0.91755
0.0733,0.00255,0.00905,0.9151
0.0763,0.00235,0.0084,0.91295
0.0792,0.0021,0.0077,0.911
0.08145,0.00215,0.00665,0.90975
0.0842,0.002,0.0062,0.9076
0.0866,0.00165,0.0061,0.90565
0.09015,0.00185,0.0058,0.9022
0.09305,0.0015,0.0054,0.90005
0.0962,0.00145,0.0051,0.89725
0.0986,0.00145,0.00465,0.8953
0.1012,0.0014,0.0041,0.8933
0.1042,0.0013,0.0041,0.8904
0.1076,0.00145,0.0037,0.88725
0.11025,0.00145,0.00325,0.88505
0.1137,0.00105,0.0033,0.88195
0.1166,0.001,0.0032,0.8792
0.1191,0.00115,0.00295,0.8768
0.12165,0.00095,0.00265,0.87475
0.1246,0.0009,0.00225,0.87225
0.12745,0.0009,0.0017,0.86995
0.12995,0.00075,0.0019,0.8674
0.13215,0.00075,0.00195,0.86515
0.13485,0.00095,0.00175,0.86245
0.1374,0.00095,0.00145,0.8602
0.1394,0.0008,0.0016,0.8582
0.14245,0.00065,0.00165,0.85525
0.14485,0.0007,0.0015,0.85295
0.14745,0.0006,0.0015,0.85045
0.1493,0.00065,0.00145,0.8486
0.1519,0.00075,0.0013,0.84605
0.1543,0.00075,0.0011,0.84385
0.1559,0.00075,0.00105,0.8423
0.15855,0.00075,0.00105,0.83965
0.16155,0.00075,0.00105,0.83665
0.164,0.0006,0.00115,0.83425
0.16595,0.0006,0.00115,0.8323
0.16825,0.00065,0.0011,0.83
0.17015,0.00075,0.0012,0.8279
0.173,0.0006,0.00125,0.82515
0.17525,0.00065,0.00125,0.82285
0.178,0.00075,0.00105,0.8202
0.17985,0.0008,0.00105,0.8183
0.18265,0.00085,0.0012,0.8153
0.18465,0.0009,0.00115,0.8133
0.1872,0.00105,0.00105,0.8107
0.1893,0.0008,0.0011,0.8088
0.1916,0.0008,0.00115,0.80645
0.194,0.0008,0.00125,0.80395
0.1957,0.00075,0.00135,0.8022
0.19815,0.00065,0.0013,0.7999
0.2008,0.0007,0.0013,0.7972
0.20315,0.0007,0.0014,0.79475
0.2051,0.0006,0.00145,0.79285
0.20715,0.0007,0.00145,0.7907
0.2089,0.00085,0.0014,0.78885
0.21185,0.0008,0.00135,0.786
0.21325,0.00095,0.0014,0.7844
0.21595,0.0009,0.00135,0.7818
0.21805,0.00095,0.0015,0.7795
0.21965,0.00115,0.00145,0.77775
0.2215,0.00115,0.0016,0.77575
0.2233,0.0011,0.00165,0.77395
0.2253,0.001,0.0018,0.7719
0.2273,0.00135,0.00165,0.7697
0.229,0.0013,0.0018,0.7679
0.2306,0.0015,0.0019,0.766
0.23285,0.00185,0.00185,0.76345
0.23455,0.00175,0.00205,0.76165
0.23645,0.0014,0.0024,0.75975
0.2387,0.0013,0.00275,0.75725
0.2399,0.00185,0.0025,0.75575
0.24125,0.0019,0.0023,0.75455
0.2429,0.0017,0.0023,0.7531
0.2445,0.0018,0.00235,0.75135
0.24625,0.002,0.0025,0.74925
0.24785,0.00205,0.00285,0.74725
0.2493,0.0018,0.0028,0.7461
0.251,0.002,0.00285,0.74415
0.25235,0.00195,0.00305,0.74265
0.2542,0.0021,0.00315,0.74055
0.25565,0.0025,0.00335,0.7385
0.25705,0.00265,0.0034,0.7369
0.25895,0.0027,0.0036,0.73475
0.26055,0.00295,0.0038,0.7327
0.262,0.00315,0.00395,0.7309
0.26345,0.0035,0.0042,0.72885
0.26445,0.00355,0.00425,0.72775
0.26575,0.00325,0.00465,0.72635
0.26695,0.0035,0.005,0.72455
0.2678,0.00405,0.00495,0.7232
0.2687,0.0041,0.00525,0.72195
0.2697,0.0042,0.00565,0.72045
0.2708,0.0045,0.0058,0.7189
0.2709,0.00485,0.00605,0.7182
0.27125,0.00505,0.00665,0.71705
0.27155,0.0057,0.00685,0.7159
0.272,0.00635,0.00715,0.7145
0.272,0.00645,0.0075,0.71405
0.27225,0.00715,0.00795,0.71265
0.27225,0.00755,0.00825,0.71195
0.27225,0.0077,0.0091,0.71095
0.2718,0.0081,0.01005,0.71005
0.27125,0.0089,0.0108,0.70905
0.27205,0.0087,0.0114,0.70785
0.27205,0.0091,0.01175,0.7071
0.27135,0.0097,0.01245,0.7065
0.2706,0.01055,0.01265,0.7062
0.26985,0.0108,0.0132,0.70615
0.2696,0.011,0.01405,0.70535
0.2694,0.0118,0.01415,0.70465
0.2683,0.0128,0.0151,0.7038
0.26735,0.0131,0.0155,0.70405
0.2664,0.0121,0.0176,0.7039
0.2648,0.01365,0.01805,0.7035
0.26365,0.01475,0.0179,0.7037
0.2616,0.0157,0.01885,0.70385
0.26035,0.016,0.01975,0.7039
0.25865,0.01685,0.0207,0.7038
0.2572,0.0179,0.0218,0.7031
0.25495,0.0182,0.0234,0.70345
0.2526,0.0187,0.025,0.7037
0.2499,0.0198,0.02625,0.70405
0.2468,0.02175,0.02685,0.7046
0.24375,0.02275,0.02725,0.70625
0.2414,0.0227,0.029,0.7069
0.2386,0.02285,0.03125,0.7073
0.23555,0.02325,0.0327,0.7085
0.2316,0.0239,0.0343,0.7102
0.2278,0.02545,0.03535,0.7114
0.22265,0.02605,0.03775,0.71355
0.2192,0.026,0.03915,0.71565
0.2138,0.0286,0.03985,0.71775
0.20845,0.031,0.0408,0.71975
0.20455,0.0312,0.04235,0.7219
0.20015,0.0305,0.04485,0.7245
0.19645,0.02955,0.0461,0.7279
0.1921,0.03015,0.04625,0.7315
0.18805,0.03025,0.04645,0.73525
0.1852,0.0299,0.04665,0.73825
0.1813,0.03075,0.04715,0.7408
0.17845,0.02975,0.04775,0.74405
0.1742,0.03015,0.04895,0.7467
0.1707,0.0299,0.04915,0.75025
0.167,0.02895,0.05055,0.7535
0.1638,0.0293,0.05025,0.75665
0.16055,0.03035,0.0494,0.7597
0.158,0.02885,0.04975,0.7634
0.1545,0.02965,0.0496,0.76625
0.1523,0.0292,0.0499,0.7686
0.14955,0.0282,0.0522,0.77005
0.1464,0.028,0.05135,0.77425
0.1439,0.02715,0.05205,0.7769
0.14205,0.026,0.0522,0.77975
0.1408,0.0258,0.0515,0.7819
0.1394,0.0251,0.0509,0.7846
0.1364,0.02545,0.0513,0.78685
0.13485,0.02455,0.05015,0.79045
0.13275,0.02405,0.05,0.7932
0.13045,0.02465,0.04945,0.79545
0.12935,0.0246,0.0495,0.79655
0.1288,0.0243,0.04805,0.79885
0.12755,0.0235,0.04745,0.8015
0.12675,0.02345,0.04635,0.80345
0.1261,0.0226,0.0457,0.8056
0.1251,0.02275,0.04315,0.809
0.1254,0.02115,0.04395,0.8095
0.12435,0.0209,0.04285,0.8119
0.12405,0.0198,0.0423,0.81385
0.12365,0.02,0.0407,0.81565
0.124,0.01895,0.0403,0.81675
0.1244,0.01795,0.04165,0.816
0.1247,0.01785,0.03975,0.8177
0.12545,0.0186,0.03795,0.818
0.12495,0.01805,0.03645,0.82055
0.12495,0.0177,0.03645,0.8209
0.1257,0.01685,0.03585,0.8216
0.1264,0.0168,0.03465,0.82215
0.12785,0.0156,0.03445,0.8221
0.1291,0.01615,0.034,0.82075
0.12995,0.0154,0.03405,0.8206
0.1305,0.01485,0.03405,0.8206
0.1309,0.01465,0.03305,0.8214
0.13245,0.0144,0.0318,0.82135
0.13375,0.0142,0.03105,0.821
0.1352,0.01515,0.02895,0.8207
0.1363,0.0147,0.0286,0.8204
0.1378,0.0143,0.0281,0.8198
0.13855,0.01465,0.0276,0.8192
0.13905,0.01555,0.02705,0.81835
0.1405,0.0151,0.0268,0.8176
0.14325,0.0134,0.02845,0.8149
0.14385,0.01335,0.02745,0.81535
0.14515,0.013,0.02655,0.8153
0.14715,0.0137,0.02565,0.8135
0.14885,0.0133,0.0249,0.81295
0.1514,0.01215,0.02545,0.811
0.15235,0.0124,0.02565,0.8096
0.1534,0.01345,0.02455,0.8086
0.15495,0.01375,0.02345,0.80785
0.15695,0.0132,0.02355,0.8063
0.1591,0.0125,0.02425,0.80415
0.16185,0.012,0.02435,0.8018
0.1636,0.0122,0.02455,0.79965
0.16495,0.01265,0.02355,0.79885
0.16635,0.0128,0.02345,0.7974
0.16755,0.01285,0.02345,0.79615
0.169,0.01265,0.02335,0.795
0.17085,0.0125,0.02385,0.7928
0.17255,0.0124,0.0237,0.79135
0.17345,0.01245,0.0235,0.7906
0.17395,0.01315,0.0234,0.7895
0.17445,0.0134,0.02305,0.7891
0.176,0.01345,0.0229,0.78765
0.1769,0.01465,0.02275,0.7857
0.1788,0.0139,0.02355,0.78375
0.18145,0.0134,0.0233,0.78185
0.18335,0.0134,0.02285,0.7804
0.1847,0.0145,0.0229,0.7779
0.18555,0.01545,0.02315,0.77585
0.1871,0.0156,0.02375,0.77355
0.18705,0.016,0.0249,0.77205
0.18795,0.01555,0.02535,0.77115
0.18785,0.016,0.026,0.77015
0.1892,0.0155,0.02655,0.76875
0.18965,0.0152,0.0275,0.76765
0.1898,0.0161,0.02815,0.76595
0.18925,0.01835,0.02765,0.76475
0.18865,0.0185,0.0281,0.76475
0.18815,0.01855,0.0292,0.7641
0.18585,0.0205,0.0289,0.76475
0.18495,0.01995,0.03015,0.76495
0.1856,0.01915,0.03175,0.7635
0.1863,0.01965,0.03185,0.7622
0.1867,0.0194,0.03275,0.76115
0.1861,0.01975,0.0327,0.76145
0.1865,0.02065,0.0328,0.76005
0.18755,0.02065,0.0331,0.7587
0.18845,0.02005,0.0333,0.7582
0.18755,0.02025,0.0339,0.7583
0.1861,0.02195,0.03405,0.7579
0.18625,0.02215,0.0343,0.7573
0.18585,0.02185,0.0352,0.7571
0.18435,0.0223,0.03575,0.7576
0.1833,0.02355,0.03525,0.7579
0.18245,0.0235,0.03565,0.7584
0.1812,0.0241,0.0357,0.759
0.18005,0.02365,0.03725,0.75905
0.17945,0.0233,0.03785,0.7594
0.1791,0.0224,0.03845,0.76005
0.17845,0.0227,0.0391,0.75975
0.1787,0.02155,0.0401,0.75965
0.17765,0.02325,0.03845,0.76065
0.1781,0.023,0.03865,0.76025
0.17805,0.02215,0.0399,0.7599
0.177,0.02245,0.0397,0.76085
0.1763,0.0221,0.0406,0.761
0.17515,0.02135,0.0409,0.7626
0.17525,0.02205,0.04,0.7627
0.17505,0.0228,0.0393,0.76285
0.17485,0.0237,0.038,0.76345
0.1746,0.0231,0.0385,0.7638
0.17495,0.02205,0.03915,0.76385
0.17505,0.02205,0.0394,0.7635
0.17465,0.02215,0.03995,0.76325
0.1737,0.02225,0.0403,0.76375
0.1721,0.02345,0.04115,0.7633
0.1722,0.0242,0.04075,0.76285
0.17115,0.02445,0.04065,0.76375
0.17055,0.02495,0.0409,0.7636
0.1693,0.0247,0.04175,0.76425
0.1696,0.02375,0.0421,0.76455
0.16905,0.02495,0.04245,0.76355
0.1681,0.02605,0.04195,0.7639
0.16735,0.02575,0.04335,0.76355
0.16655,0.0255,0.04295,0.765
0.1651,0.0257,0.04365,0.76555
0.16455,0.0253,0.04455,0.7656
0.1629,0.02585,0.0446,0.76665
0.1621,0.0256,0.04575,0.76655
0.16165,0.02425,0.0473,0.7668
0.1593,0.02555,0.04715,0.768
0.1574,0.02595,0.04655,0.7701
0.1577,0.0256,0.04585,0.77085
0.157,0.02455,0.04645,0.772
0.15595,0.0253,0.04585,0.7729
0.1548,0.0253,0.04505,0.77485
0.1546,0.0248,0.04415,0.77645
0.15595,0.023,0.04455,0.7765
0.15565,0.02225,0.0451,0.777
0.1543,0.02375,0.04415,0.7778
0.15425,0.02425,0.04335,0.77815
0.15475,0.02295,0.04375,0.77855
0.15425,0.0229,0.0427,0.78015
0.15355,0.02375,0.0424,0.7803
0.1554,0.02295,0.04235,0.7793
0.1543,0.0238,0.0429,0.779
0.1549,0.02345,0.04385,0.7778
0.1539,0.02375,0.04375,0.7786
0.1549,0.0227,0.04405,0.77835
0.15465,0.0226,0.0436,0.77915
0.1548,0.0234,0.04165,0.78015
0.1551,0.02405,0.0413,0.77955
0.15555,0.02425,0.04135,0.77885
0.15585,0.0237,0.0424,0.77805
0.1555,0.0229,0.0438,0.7778
0.1546,0.02385,0.04265,0.7789
0.1551,0.0233,0.0435,0.7781
0.15355,0.02475,0.0433,0.7784
0.1528,0.0249,0.0434,0.7789
0.1535,0.024,0.0436,0.7789
0.1521,0.0238,0.0433,0.7808
0.1531,0.02345,0.04155,0.7819
0.15205,0.0235,0.041,0.78345
0.15195,0.0238,0.0407,0.78355
0.15225,0.02215,0.0417,0.7839
0.1528,0.0214,0.04185,0.78395
0.15325,0.0212,0.04075,0.7848
0.1544,0.02025,0.0411,0.78425
0.1551,0.0207,0.04115,0.78305
0.15405,0.0218,0.03905,0.7851
0.15465,0.0208,0.0396,0.78495
0.15395,0.02165,0.03935,0.78505
0.1552,0.0217,0.03905,0.78405
0.15505,0.02215,0.0402,0.7826
0.15465,0.02225,0.0401,0.783
0.1552,0.0225,0.04005,0.78225
0.155,0.02255,0.04045,0.782
0.1552,0.0225,0.0407,0.7816
0.15525,0.02165,0.04055,0.78255
0.15525,0.02205,0.0408,0.7819
0.1558,0.02245,0.0409,0.78085
0.1562,0.02205,0.0415,0.78025
0.15555,0.0231,0.04145,0.7799
0.1545,0.0249,0.04085,0.77975
0.1542,0.0259,0.041,0.7789
0.15515,0.02455,0.0415,0.7788
0.15545,0.0242,0.0418,0.77855
0.1551,0.02375,0.04185,0.7793
0.15355,0.0238,0.04295,0.7797
0.15395,0.024,0.04295,0.7791
0.1543,0.02335,0.0429,0.77945
0.15315,0.0227,0.0441,0.78005
0.15235,0.02355,0.044,0.7801
0.15255,0.02345,0.0434,0.7806
0.15275,0.0243,0.0423,0.78065
0.1526,0.02355,0.0418,0.78205
0.1526,0.0216,0.0426,0.7832
0.15275,0.02215,0.04265,0.78245
0.1531,0.0221,0.0418,0.783
0.15285,0.0216,0.0414,0.78415
0.1532,0.02185,0.04085,0.7841
0.15305,0.02105,0.04125,0.78465
0.15345,0.02125,0.04095,0.78435
0.15355,0.02065,0.04175,0.78405
0.15385,0.0215,0.0405,0.78415
0.15355,0.0225,0.0399,0.78405
0.15465,0.0217,0.0397,0.78395
0.1556,0.0212,0.0403,0.7829
0.15625,0.02155,0.03895,0.78325
0.15675,0.0214,0.0387,0.78315
0.15765,0.02095,0.03895,0.78245
0.1576,0.0217,0.03765,0.78305
0.1584,0.02135,0.0375,0.78275
0.1579,0.02185,0.0376,0.78265
0.157,0.02275,0.0364,0.78385
0.15705,0.02165,0.0371,0.7842
0.15665,0.02155,0.0383,0.7835
0.15735,0.0211,0.0389,0.78265
0.15865,0.02035,0.03995,0.78105
0.1586,0.0207,0.0397,0.781
0.15905,0.0214,0.0387,0.78085
0.15875,0.02105,0.0389,0.7813
0.159,0.0217,0.0387,0.7806
0.1589,0.021,0.0391,0.781
0.15945,0.02005,0.039,0.7815
0.15865,0.01965,0.0398,0.7819
0.1581,0.021,0.0394,0.7815
0.1583,0.0217,0.0386,0.7814
0.1588,0.022,0.038,0.7812
0.15785,0.02095,0.03955,0.78165
0.1574,0.022,0.0388,0.7818
0.15725,0.02175,0.0395,0.7815
0.15675,0.0225,0.0394,0.78135
0.1576,0.0225,0.0384,0.7815
0.15755,0.0217,0.0391,0.78165
0.15735,0.02155,0.0403,0.7808
0.15645,0.0227,0.0398,0.78105
0.15675,0.023,0.03915,0.7811
0.15625,0.0239,0.0395,0.78035
0.15685,0.02295,0.04035,0.77985
0.1566,0.0235,0.0402,0.7797
0.15625,0.02325,0.04035,0.78015
0.156,0.0233,0.0404,0.7803
0.1548,0.02345,0.0404,0.78135
0.1546,0.0229,0.04175,0.78075
0.15475,0.02295,0.04175,0.78055
0.1549,0.02275,0.0416,0.78075
0.15505,0.0216,0.04125,0.7821
0.1553,0.0216,0.04135,0.78175
0.15545,0.02235,0.04025,0.78195
0.1561,0.02165,0.04125,0.781
0.15545,0.022,0.04125,0.7813
0.1557,0.0226,0.0405,0.7812
0.15595,0.0223,0.03995,0.7818
0.15645,0.022,0.0401,0.78145
0.1568,0.022,0.04025,0.78095
0.1578,0.02125,0.0408,0.78015
0.15725,0.02235,0.0398,0.7806
0.15815,0.02245,0.0405,0.7789
0.1583,0.02225,0.04015,0.7793
0.1579,0.02205,0.0399,0.78015
0.1581,0.0214,0.03995,0.78055
0.15815,0.02045,0.04045,0.78095
0.1583,0.0212,0.04035,0.78015
0.1587,0.02205,0.03995,0.7793
0.15865,0.0218,0.039,0.78055
0.1591,0.0213,0.0394,0.7802
0.1611,0.0204,0.0395,0.779
0.16185,0.02035,0.0381,0.7797
0.1622,0.02045,0.03755,0.7798
0.16285,0.0206,0.0379,0.77865
0.1635,0.0201,0.03875,0.77765
0.1634,0.0211,0.0387,0.7768
0.164,0.0208,0.0376,0.7776
0.16465,0.0209,0.03585,0.7786
0.1656,0.02035,0.03525,0.7788
0.16505,0.0206,0.0358,0.77855
0.16545,0.0215,0.03475,0.7783
0.16545,0.0216,0.0347,0.77825
0.1652,0.0217,0.03475,0.77835
0.1654,0.0221,0.0354,0.7771
0.16515,0.0223,0.03505,0.7775
0.1645,0.0224,0.0366,0.7765
0.16465,0.02275,0.03705,0.77555
0.16445,0.0224,0.037,0.77615
0.1656,0.02095,0.03755,0.7759
0.16585,0.02045,0.03835,0.77535
0.16545,0.0219,0.0377,0.77495
0.16535,0.02235,0.03655,0.77575
0.165,0.02115,0.03855,0.7753
0.16585,0.0216,0.0376,0.77495
0.16615,0.02055,0.03855,0.77475
0.16595,0.01995,0.03915,0.77495
0.16535,0.0204,0.03875,0.7755
0.1645,0.02195,0.0382,0.77535
0.16425,0.02255,0.0381,0.7751
0.1642,0.02265,0.03875,0.7744
0.1632,0.0237,0.0393,0.7738
0.16345,0.02385,0.0396,0.7731
0.1622,0.0241,0.04075,0.77295
0.1614,0.02445,0.04055,0.7736
0.1616,0.024,0.0404,0.774
0.16085,0.02395,0.0408,0.7744
0.1609,0.02335,0.0422,0.77355
0.15995,0.02385,0.04295,0.77325
0.16005,0.02395,0.0431,0.7729
0.1592,0.02405,0.0432,0.77355
0.1593,0.0238,0.04305,0.77385
0.1596,0.0228,0.04365,0.77395
0.1592,0.0239,0.04315,0.77375
0.15875,0.02355,0.04335,0.77435
0.15825,0.02365,0.0442,0.7739
0.15875,0.0226,0.04485,0.7738
0.15905,0.02225,0.0433,0.7754
0.15935,0.02275,0.0425,0.7754
0.15835,0.02345,0.0418,0.7764
0.158,0.02415,0.0408,0.77705
0.157,0.02435,0.0417,0.77695
0.1573,0.0233,0.042,0.7774
0.15685,0.0226,0.0427,0.77785
0.15475,0.02285,0.04395,0.77845
0.15635,0.0224,0.04335,0.7779
0.1551,0.0217,0.04495,0.77825
0.15505,0.02145,0.0446,0.7789
0.1544,0.02205,0.0436,0.77995
0.15495,0.02255,0.0436,0.7789
0.155,0.0228,0.0418,0.7804
0.1551,0.02265,0.04105,0.7812
0.1539,0.02395,0.04005,0.7821
0.1551,0.02205,0.04055,0.7823
0.1561,0.0212,0.03985,0.78285
0.15675,0.0203,0.04075,0.7822
0.1567,0.0202,0.04035,0.78275
0.15705,0.02085,0.03955,0.78255
0.1565,0.0218,0.0384,0.7833
0.15685,0.0215,0.0389,0.78275
0.15565,0.0232,0.0383,0.78285
0.15575,0.0233,0.03925,0.7817
0.156,0.0232,0.0393,0.7815
0.1569,0.02335,0.04045,0.7793
0.1579,0.0239,0.04015,0.77805
0.1587,0.02365,0.03975,0.7779
0.15895,0.02305,0.0405,0.7775
0.15905,0.0236,0.0394,0.77795
0.1592,0.02365,0.0391,0.77805
0.16045,0.0223,0.03985,0.7774
0.15995,0.0224,0.0401,0.77755
0.1601,0.02295,0.0403,0.77665
0.16025,0.0227,0.0408,0.77625
0.15955,0.0231,0.0412,0.77615
0.15845,0.02365,0.0412,0.7767
0.15775,0.02445,0.04065,0.77715
0.15775,0.02455,0.0406,0.7771
0.15805,0.0249,0.03995,0.7771
0.15845,0.0242,0.04045,0.7769
0.15925,0.0228,0.042,0.77595
0.15835,0.02325,0.042,0.7764
0.15975,0.0242,0.0407,0.77535
0.1592,0.02345,0.0411,0.77625
0.1588,0.023,0.0413,0.7769
0.15915,0.0228,0.04165,0.7764
0.1591,0.02285,0.04195,0.7761
0.1592,0.02195,0.0434,0.77545
0.1609,0.02205,0.04215,0.7749
0.1598,0.0228,0.04225,0.77515
0.1583,0.0239,0.0419,0.7759
0.1576,0.02415,0.0415,0.77675
0.15895,0.023,0.04205,0.776
0.16115,0.02225,0.04145,0.77515
0.1618,0.02255,0.04095,0.7747
0.1621,0.0226,0.04105,0.77425
0.16235,0.022,0.04115,0.7745
0.1624,0.0216,0.04155,0.77445
0.1633,0.0217,0.0418,0.7732
0.16405,0.0212,0.0413,0.77345
0.1641,0.02115,0.04125,0.7735
0.1651,0.0216,0.0407,0.7726
0.1654,0.02135,0.03945,0.7738
0.1665,0.02105,0.03935,0.7731
0.1669,0.0215,0.039,0.7726
0.1659,0.0228,0.0394,0.7719
0.1654,0.0239,0.03865,0.77205
0.16425,0.02395,0.03925,0.77255
0.1648,0.02395,0.0391,0.77215
0.1646,0.02275,0.04005,0.7726
0.1653,0.02215,0.0408,0.77175
0.1642,0.0218,0.0409,0.7731
0.16485,0.02235,0.04135,0.77145
0.16445,0.0225,0.0403,0.77275
0.16555,0.02125,0.04095,0.77225
0.1644,0.02185,0.0408,0.77295
0.16295,0.02385,0.041,0.7722
0.16265,0.02325,0.041,0.7731
0.163,0.023,0.04085,0.77315
0.16255,0.0228,0.04145,0.7732
0.1631,0.0222,0.04145,0.77325
0.1631,0.02225,0.0409,0.77375
0.1637,0.0217,0.0413,0.7733
0.16345,0.0225,0.04055,0.7735
0.163,0.0227,0.04035,0.77395
0.16465,0.0216,0.04075,0.773
0.16425,0.0221,0.0418,0.77185
0.1651,0.02225,0.041,0.77165
0.1646,0.02225,0.0411,0.77205
0.1639,0.02275,0.0402,0.77315
0.1645,0.0225,0.0402,0.7728
0.16325,0.0225,0.03995,0.7743
0.1623,0.0229,0.0396,0.7752
0.1615,0.0234,0.0394,0.7757
0.16155,0.02405,0.0395,0.7749
0.1608,0.02375,0.0395,0.77595
0.1605,0.02405,0.0398,0.77565
0.1603,0.0237,0.0392,0.7768
0.1602,0.0235,0.0401,0.7762
0.1618,0.023,0.04,0.7752
0.1612,0.0228,0.03985,0.77615
0.1625,0.0217,0.03995,0.77585
0.16185,0.0229,0.0403,0.77495
0.16285,0.0225,0.04115,0.7735
0.1618,0.02375,0.04035,0.7741
0.16055,0.0244,0.0408,0.77425
0.1611,0.0228,0.04195,0.77415
0.1597,0.02405,0.04175,0.7745
0.15875,0.0244,0.04135,0.7755
0.15875,0.0241,0.04205,0.7751
0.15895,0.0242,0.0421,0.77475
0.1579,0.02525,0.0423,0.77455
0.15625,0.0253,0.04255,0.7759
0.15575,0.0245,0.0431,0.77665
0.15705,0.0229,0.04385,0.7762
0.15605,0.02355,0.04455,0.77585
0.15505,0.02405,0.04425,0.77665
0.15525,0.02355,0.04365,0.77755
0.15645,0.02345,0.0434,0.7767
0.15565,0.02335,0.0445,0.7765
0.1547,0.0233,0.0446,0.7774
0.1545,0.0235,0.0456,0.7764
0.15305,0.02465,0.04475,0.77755
0.1531,0.02405,0.0434,0.77945
0.1515,0.02405,0.04385,0.7806
0.1511,0.02455,0.04385,0.7805
0.1508,0.0243,0.04465,0.78025
0.1518,0.02415,0.0439,0.78015
0.15265,0.0232,0.0442,0.77995
0.1519,0.0229,0.0449,0.7803
0.1518,0.02285,0.0449,0.78045
0.15075,0.0236,0.04455,0.7811
0.15065,0.0244,0.044,0.78095
0.1503,0.02375,0.04455,0.7814
0.1488,0.02425,0.04435,0.7826
0.14935,0.024,0.04415,0.7825
0.1489,0.02395,0.0439,0.78325
0.14915,0.02375,0.04345,0.78365
0.14875,0.023,0.0431,0.78515
0.14955,0.02315,0.04195,0.78535
0.15025,0.0226,0.04215,0.785
0.15025,0.02195,0.0426,0.7852
0.1492,0.0234,0.04245,0.78495
0.1493,0.0234,0.04235,0.78495
0.14915,0.02335,0.0424,0.7851
0.1488,0.023,0.0425,0.7857
0.14945,0.0229,0.0425,0.78515
0.151,0.0223,0.0418,0.7849
0.15095,0.02265,0.04185,0.78455
0.15175,0.02165,0.0416,0.785
0.1524,0.02185,0.04155,0.7842
0.1529,0.0217,0.04105,0.78435
0.152,0.02255,0.041,0.78445
0.15005,0.0235,0.04095,0.7855
0.1501,0.02275,0.04185,0.7853
0.1494,0.02115,0.04335,0.7861
0.1488,0.02155,0.0426,0.78705
0.14895,0.02185,0.0418,0.7874
0.14985,0.02165,0.04135,0.78715
0.15015,0.02285,0.03995,0.78705
0.15135,0.02215,0.03975,0.78675
0.15145,0.02155,0.04085,0.78615
0.15155,0.02205,0.0412,0.7852
0.15325,0.0213,0.03995,0.7855
0.1541,0.0202,0.0408,0.7849
0.1548,0.02015,0.0399,0.78515
0.15435,0.02055,0.03925,0.78585
0.1552,0.0208,0.0376,0.7864
0.154,0.02135,0.038,0.78665
0.1544,0.0211,0.0392,0.7853
0.1541,0.02155,0.03905,0.7853
0.15355,0.0216,0.03825,0.7866
0.1539,0.0209,0.0386,0.7866
0.1555,0.0202,0.03865,0.78565
0.15615,0.0209,0.0374,0.78555
0.1569,0.01965,0.0379,0.78555
0.15815,0.01935,0.0376,0.7849
0.15805,0.019,0.0367,0.78625
0.15835,0.0194,0.03675,0.7855
0.15975,0.0196,0.03575,0.7849
0.1608,0.01895,0.0353,0.78495
0.16085,0.01955,0.03565,0.78395
0.1606,0.01955,0.03595,0.7839
0.16095,0.0202,0.0351,0.78375
0.16185,0.02025,0.0351,0.7828
0.1615,0.0207,0.0353,0.7825
0.16225,0.0211,0.03445,0.7822
0.16135,0.0219,0.03535,0.7814
