0.999,0.0,0.001,0.0
0.9983,0.0007,0.001,0.0
0.99745,0.00155,0.0008,0.0002
0.9968,0.00205,0.0008,0.00035
0.9963,0.0022,0.0011,0.0004
0.99535,0.0025,0.00165,0.0005
0.994,0.0035,0.002,0.0005
0.99225,0.00455,0.0025,0.0007
0.99,0.00585,0.0034,0.00075
0.98755,0.00735,0.0041,0.001
0.9833,0.01005,0.00515,0.0015
0.97965,0.012,0.00665,0.0017
0.9744,0.0145,0.00885,0.00225
0.96715,0.01905,0.01075,0.00305
0.9595,0.02335,0.0131,0.00405
0.9503,0.02775,0.01665,0.0053
0.9368,0.0355,0.02085,0.00685
0.92145,0.04475,0.025,0.0088
0.90465,0.05315,0.03075,0.01145
0.88495,0.0626,0.038,0.01445
0.85975,0.0761,0.04605,0.0181
0.82995,0.0903,0.057,0.02275
0.7937,0.11045,0.06695,0.0289
0.7519,0.13095,0.08155,0.0356
0.7074,0.15075,0.098,0.04385
0.654,0.1755,0.11715,0.05335
0.5969,0.1978,0.1398,0.0655
0.53085,0.2242,0.1652,0.07975
0.46585,0.246,0.1927,0.09545
0.3996,0.2614,0.2241,0.1149
0.33175,0.276,0.25535,0.1369
0.27475,0.2765,0.2854,0.16335
0.2196,0.26895,0.31985,0.1916
0.1716,0.25755,0.3483,0.22255
0.12835,0.24205,0.36995,0.25965
0.0955,0.22,0.38315,0.30135
0.07125,0.192,0.3933,0.34345
0.05225,0.16445,0.39625,0.38705
0.0388,0.13695,0.39255,0.4317
0.03045,0.1099,0.3815,0.47815
0.0245,0.0891,0.36155,0.52485
0.0187,0.07305,0.3405,0.56775
0.0163,0.05865,0.3148,0.61025
0.01415,0.0465,0.28885,0.6505
0.01365,0.03745,0.26325,0.68565
0.01315,0.03,0.23885,0.718
0.013,0.0234,0.2169,0.7467
0.01315,0.01965,0.1934,0.7738
0.014,0.0158,0.17265,0.79755
0.0148,0.01295,0.1539,0.81835
0.0159,0.01045,0.13835,0.8353
0.0171,0.00915,0.12245,0.8513
0.0177,0.0081,0.10885,0.86535
0.0188,0.00845,0.09755,0.8752
0.01965,0.00825,0.08685,0.88525
0.02175,0.00715,0.07835,0.89275
0.02285,0.00695,0.0699,0.9003
0.0249,0.00585,0.06125,0.908
0.02635,0.0054,0.0547,0.91355
0.02825,0.0055,0.0489,0.91735
0.0307,0.0051,0.04315,0.92105
0.03275,0.0052,0.03845,0.9236
0.03495,0.005,0.0337,0.92635
0.03755,0.0044,0.031,0.92705
0.04005,0.00435,0.028,0.9276
0.0425,0.00405,0.02535,0.9281
0.0447,0.0039,0.02305,0.92835
0.04715,0.0034,0.02135,0.9281
0.04925,0.00405,0.01845,0.92825
0.05215,0.0037,0.0173,0.92685
0.05465,0.00345,0.0156,0.9263
0.05835,0.00315,0.0138,0.9247
0.0604,0.0029,0.01295,0.92375
0.06335,0.0028,0.01175,0.9221
0.0668,0.00245,0.01075,0.92
0.0698,0.0023,0.01005,0.91785
0.0724,0.0023,0.0092,0.9161
0.0756,0.0022,0.0084,0.9138
0.0779,0.00245,0.00805,0.9116
0.081,0.0025,0.0075,0.909
0.08345,0.00225,0.0072,0.9071
0.08615,0.00225,0.0061,0.9055
0.089,0.00215,0.0058,0.90305
0.09185,0.0017,0.0058,0.90065
0.0951,0.00185,0.00475,0.8983
0.0979,0.00145,0.0044,0.89625
0.1009,0.00115,0.00435,0.8936
0.104,0.00135,0.0039,0.89075
0.10665,0.00155,0.00375,0.88805
0.10925,0.0015,0.0032,0.88605
0.11185,0.0016,0.00305,0.8835
0.1146,0.00165,0.0029,0.88085
0.11775,0.00145,0.0028,0.878
0.12045,0.0012,0.00285,0.8755
0.12325,0.001,0.0029,0.87285
0.12605,0.0008,0.0031,0.87005
0.12865,0.0011,0.00255,0.8677
0.13145,0.00105,0.00225,0.86525
0.13385,0.00115,0.00225,0.86275
0.13625,0.00115,0.00215,0.86045
0.1387,0.0011,0.0023,0.8579
0.1405,0.00105,0.0024,0.85605
0.14235,0.0011,0.00225,0.8543
0.145,0.00105,0.0021,0.85185
0.1473,0.001,0.002,0.8497
0.14965,0.0012,0.00195,0.8472
0.1528,0.0012,0.002,0.844
0.1554,0.00135,0.0019,0.84135
0.158,0.0012,0.002,0.8388
0.15995,0.00135,0.00195,0.83675
0.1628,0.0009,0.0021,0.8342
0.16505,0.00105,0.002,0.8319
0.16685,0.0012,0.0018,0.83015
0.16885,0.00125,0.00185,0.82805
0.17125,0.0011,0.0021,0.82555
0.1733,0.0011,0.00205,0.82355
0.17545,0.00115,0.00215,0.82125
0.17825,0.0011,0.0021,0.81855
0.18055,0.00125,0.002,0.8162
0.18265,0.00115,0.0019,0.8143
0.18535,0.0013,0.0017,0.81165
0.1877,0.00135,0.00195,0.809
0.18965,0.0013,0.0022,0.80685
0.19155,0.0015,0.00195,0.805
0.19415,0.00145,0.0019,0.8025
0.19625,0.0011,0.0022,0.80045
0.19875,0.001,0.00215,0.7981
0.20005,0.00135,0.002,0.7966
0.20215,0.00135,0.00195,0.79455
0.20415,0.0014,0.0021,0.79235
0.20565,0.0016,0.002,0.79075
0.2081,0.0017,0.0017,0.7885
0.2093,0.00155,0.00195,0.7872
0.2109,0.0013,0.0022,0.7856
0.2128,0.0012,0.00215,0.78385
0.2145,0.0013,0.0023,0.7819
0.21645,0.00115,0.00235,0.78005
0.2183,0.00135,0.00225,0.7781
0.2201,0.00155,0.0024,0.77595
0.2221,0.00175,0.00245,0.7737
0.2243,0.00185,0.0025,0.77135
0.22675,0.0018,0.0027,0.76875
0.2284,0.002,0.00275,0.76685
0.2306,0.00205,0.00285,0.7645
0.2317,0.0019,0.0029,0.7635
0.2333,0.00205,0.00305,0.7616
0.235,0.0024,0.003,0.7596
0.23725,0.00215,0.00345,0.75715
0.2388,0.00215,0.00355,0.7555
0.24065,0.00185,0.004,0.7535
0.2421,0.0025,0.00355,0.75185
0.24375,0.0029,0.00345,0.7499
0.24555,0.00285,0.0037,0.7479
0.24745,0.00255,0.0041,0.7459
0.2489,0.0026,0.00415,0.74435
0.2508,0.0029,0.004,0.7423
0.25185,0.00355,0.00385,0.74075
0.25245,0.00405,0.0041,0.7394
0.2533,0.004,0.0043,0.7384
0.25475,0.0045,0.0046,0.73615
0.2562,0.00415,0.005,0.73465
0.2575,0.00395,0.00535,0.7332
0.2588,0.0036,0.00535,0.73225
0.26055,0.00395,0.00545,0.73005
0.2617,0.00405,0.0059,0.72835
0.26325,0.00435,0.00635,0.72605
0.2641,0.0046,0.00645,0.72485
0.26435,0.0049,0.0065,0.72425
0.26555,0.00515,0.00675,0.72255
0.26645,0.00545,0.007,0.7211
0.2669,0.0061,0.00755,0.71945
0.26755,0.0069,0.00755,0.718
0.26775,0.00635,0.0088,0.7171
0.268,0.00705,0.00925,0.7157
0.2684,0.0075,0.00945,0.71465
0.2682,0.00835,0.00995,0.7135
0.2677,0.0085,0.01045,0.71335
0.2669,0.00935,0.01065,0.7131
0.2668,0.00975,0.01095,0.7125
0.26675,0.00935,0.0121,0.7118
0.26675,0.0095,0.01295,0.7108
0.2664,0.0099,0.01325,0.71045
0.26565,0.0106,0.0137,0.71005
0.26555,0.0111,0.0139,0.70945
0.26495,0.01205,0.0147,0.7083
0.2635,0.01295,0.01495,0.7086
0.2628,0.01345,0.016,0.70775
0.26115,0.01435,0.0169,0.7076
0.26095,0.0146,0.01755,0.7069
0.25925,0.0155,0.0195,0.70575
0.25805,0.01615,0.0207,0.7051
0.25655,0.016,0.0226,0.70485
0.25445,0.01665,0.02355,0.70535
0.2517,0.01785,0.02485,0.7056
0.24885,0.01935,0.02575,0.70605
0.24605,0.0209,0.02635,0.7067
0.24385,0.0211,0.02775,0.7073
0.2418,0.0211,0.02965,0.70745
0.2388,0.022,0.0304,0.7088
0.23505,0.02355,0.03025,0.71115
0.2318,0.0232,0.0328,0.7122
0.22945,0.0221,0.035,0.71345
0.22455,0.02425,0.0355,0.7157
0.2211,0.02555,0.0361,0.71725
0.21745,0.02615,0.03835,0.71805
0.21285,0.02705,0.03995,0.72015
0.2108,0.0257,0.0425,0.721
0.2057,0.02695,0.0445,0.72285
0.201,0.02895,0.0447,0.72535
0.1963,0.0297,0.0459,0.7281
0.19145,0.02965,0.04845,0.73045
0.18715,0.03035,0.04835,0.73415
0.1835,0.02985,0.04955,0.7371
0.179,0.0299,0.05105,0.74005
0.1745,0.0302,0.0521,0.7432
0.17085,0.0306,0.0524,0.74615
0.167,0.03045,0.05265,0.7499
0.16325,0.0299,0.05355,0.7533
0.1592,0.03055,0.05355,0.7567
0.15605,0.02975,0.0536,0.7606
0.15365,0.02955,0.05375,0.76305
0.14945,0.03015,0.0533,0.7671
0.1467,0.0301,0.0522,0.771
0.1458,0.0275,0.05265,0.77405
0.1436,0.0261,0.0529,0.7774
0.14095,0.02665,0.053,0.7794
0.13995,0.0269,0.0511,0.78205
0.137,0.0267,0.05105,0.78525
0.135,0.0271,0.04995,0.78795
0.1333,0.02625,0.04895,0.7915
0.13175,0.02595,0.04835,0.79395
0.13065,0.02425,0.04885,0.79625
0.1294,0.02395,0.0482,0.79845
0.12855,0.02305,0.0473,0.8011
0.1279,0.02135,0.0463,0.80445
0.1259,0.0212,0.04705,0.80585
0.1258,0.0214,0.04545,0.80735
0.12575,0.02165,0.04405,0.80855
0.12505,0.02165,0.04315,0.81015
0.1251,0.02085,0.0418,0.81225
0.1257,0.0197,0.0425,0.8121
0.1241,0.0197,0.0415,0.8147
0.12415,0.0198,0.0404,0.81565
0.1238,0.0199,0.0402,0.8161
0.1234,0.0201,0.041,0.8155
0.1241,0.0195,0.0397,0.8167
0.1253,0.01865,0.03815,0.8179
0.1251,0.01765,0.03825,0.819
0.12585,0.0173,0.03785,0.819
0.12505,0.0172,0.03665,0.8211
0.12565,0.01655,0.036,0.8218
0.126,0.01585,0.0359,0.82225
0.1261,0.0156,0.0348,0.8235
0.1267,0.0157,0.03365,0.82395
0.1286,0.0145,0.03365,0.82325
0.1304,0.0144,0.03245,0.82275
0.13215,0.0143,0.0319,0.82165
0.13365,0.01385,0.0304,0.8221
0.13635,0.0127,0.03025,0.8207
0.13785,0.01305,0.02925,0.81985
0.139,0.01285,0.02855,0.8196
0.13965,0.01365,0.0274,0.8193
0.14085,0.0145,0.02645,0.8182
0.1432,0.01445,0.02655,0.8158
0.14455,0.0137,0.0269,0.81485
0.14545,0.0142,0.02685,0.8135
0.1463,0.0137,0.02695,0.81305
0.14735,0.01415,0.02605,0.81245
0.14865,0.01415,0.02645,0.81075
0.14915,0.01485,0.0256,0.8104
0.1509,0.01465,0.02525,0.8092
0.1517,0.0143,0.02455,0.80945
0.1532,0.0128,0.02645,0.80755
0.1553,0.01265,0.02625,0.8058
0.15755,0.01285,0.0257,0.8039
0.1583,0.01215,0.02565,0.8039
0.1601,0.0131,0.02475,0.80205
0.1615,0.01415,0.02435,0.8
0.16255,0.014,0.0247,0.79875
0.16445,0.0132,0.0253,0.79705
0.1667,0.0136,0.02485,0.79485
0.1669,0.0146,0.0246,0.7939
0.1684,0.0141,0.02545,0.79205
0.1689,0.0147,0.025,0.7914
0.1697,0.01525,0.02535,0.7897
0.17155,0.01545,0.026,0.787
0.17285,0.0153,0.02625,0.7856
0.17385,0.0152,0.02645,0.7845
0.1749,0.01515,0.02705,0.7829
0.1752,0.0159,0.02675,0.78215
0.17625,0.0158,0.0278,0.78015
0.1761,0.01695,0.0276,0.77935
0.1778,0.0168,0.02795,0.77745
0.1784,0.01615,0.0288,0.77665
0.178,0.0165,0.0294,0.7761
0.17915,0.0165,0.0292,0.77515
0.18005,0.01655,0.0291,0.7743
0.18,0.0173,0.02895,0.77375
0.18085,0.0168,0.0293,0.77305
0.18125,0.01695,0.03025,0.77155
0.1821,0.0175,0.03025,0.77015
0.1839,0.01705,0.0304,0.76865
0.1846,0.0174,0.03085,0.76715
0.18385,0.01825,0.0314,0.7665
0.18385,0.01885,0.0321,0.7652
0.18275,0.0201,0.0314,0.76575
0.18415,0.01945,0.0322,0.7642
0.18425,0.0183,0.0328,0.76465
0.18325,0.0191,0.03265,0.765
0.1831,0.02035,0.03205,0.7645
0.183,0.0203,0.0332,0.7635
0.1829,0.02035,0.03385,0.7629
0.1823,0.0212,0.03365,0.76285
0.18135,0.021,0.0349,0.76275
0.1804,0.0216,0.03535,0.76265
0.17965,0.02175,0.03655,0.76205
0.1793,0.02205,0.03665,0.762
0.1783,0.02255,0.0376,0.76155
0.1775,0.02215,0.03805,0.7623
0.1754,0.02355,0.0384,0.76265
0.1738,0.02405,0.03945,0.7627
0.17295,0.0247,0.0407,0.76165
0.17205,0.0254,0.04025,0.7623
0.17035,0.0251,0.04195,0.7626
0.16955,0.02465,0.0421,0.7637
0.1694,0.02515,0.0421,0.76335
0.1685,0.02565,0.04235,0.7635
0.1678,0.0252,0.0428,0.7642
0.1679,0.0242,0.04315,0.76475
0.16645,0.02385,0.04405,0.76565
0.16645,0.02305,0.0449,0.7656
0.1663,0.02305,0.0441,0.76655
0.1645,0.0246,0.04375,0.76715
0.1641,0.02365,0.0439,0.76835
0.1635,0.0239,0.0437,0.7689
0.1615,0.0253,0.0426,0.7706
0.16205,0.0243,0.0436,0.77005
0.1613,0.02465,0.0433,0.77075
0.1604,0.02445,0.0442,0.77095
0.16085,0.0243,0.04445,0.7704
0.1606,0.0232,0.04325,0.77295
0.1601,0.0238,0.0435,0.7726
0.16005,0.02405,0.0429,0.773
0.1591,0.02405,0.04355,0.7733
0.1598,0.02395,0.04295,0.7733
0.1597,0.0236,0.04265,0.77405
0.1596,0.02275,0.04355,0.7741
0.15895,0.02425,0.0423,0.7745
0.1595,0.02385,0.04255,0.7741
0.15975,0.02405,0.0433,0.7729
0.1595,0.02395,0.04335,0.7732
0.1587,0.02405,0.044,0.77325
0.15915,0.024,0.04315,0.7737
0.1588,0.02465,0.04255,0.774
0.15775,0.0241,0.0434,0.77475
0.1571,0.02425,0.04375,0.7749
0.15675,0.02385,0.045,0.7744
0.157,0.0235,0.04465,0.77485
0.157,0.02225,0.04445,0.7763
0.15655,0.0218,0.04415,0.7775
0.15595,0.02275,0.0435,0.7778
0.1558,0.02195,0.04395,0.7783
0.15425,0.0239,0.04205,0.7798
0.1536,0.0245,0.0422,0.7797
0.1532,0.02435,0.04265,0.7798
0.15245,0.0243,0.0427,0.78055
0.15235,0.0231,0.04365,0.7809
0.15365,0.02225,0.04405,0.78005
0.15455,0.02145,0.04315,0.78085
0.1541,0.0214,0.0426,0.7819
0.1548,0.0212,0.042,0.782
0.1555,0.02095,0.0413,0.78225
0.15715,0.021,0.04045,0.7814
0.15705,0.02155,0.04035,0.78105
0.1557,0.0229,0.0389,0.7825
0.1563,0.02175,0.0402,0.78175
0.15715,0.0212,0.0405,0.78115
0.15705,0.02095,0.03965,0.78235
0.1568,0.02075,0.03965,0.7828
0.15715,0.02075,0.0387,0.7834
0.157,0.0207,0.0389,0.7834
0.1567,0.0211,0.0383,0.7839
0.1566,0.02095,0.0382,0.78425
0.15775,0.0206,0.0384,0.78325
0.15705,0.0206,0.0384,0.78395
0.1576,0.02075,0.0383,0.78335
0.1588,0.0203,0.03755,0.78335
0.15975,0.01985,0.03745,0.78295
0.1603,0.02065,0.03585,0.7832
0.1611,0.0202,0.03645,0.78225
0.1619,0.01985,0.0374,0.78085
0.1613,0.01985,0.03795,0.7809
0.1623,0.02075,0.03695,0.78
0.16235,0.0205,0.0378,0.77935
0.1631,0.0205,0.03765,0.77875
0.16385,0.0204,0.038,0.77775
0.16245,0.02075,0.0379,0.7789
0.1628,0.0203,0.0395,0.7774
0.16095,0.0226,0.0388,0.77765
0.1603,0.02395,0.03705,0.7787
0.1614,0.0225,0.0379,0.7782
0.162,0.0223,0.0378,0.7779
0.16175,0.02285,0.0383,0.7771
0.1623,0.02205,0.0388,0.77685
0.16145,0.0217,0.0393,0.77755
0.16065,0.0229,0.0382,0.77825
0.1619,0.02135,0.03935,0.7774
0.1607,0.02235,0.0394,0.77755
0.1605,0.02295,0.0395,0.77705
0.16025,0.0227,0.03965,0.7774
0.1615,0.02115,0.0401,0.77725
0.16095,0.0208,0.04115,0.7771
0.15995,0.0222,0.04065,0.7772
0.1586,0.02275,0.04025,0.7784
0.15915,0.02245,0.04115,0.77725
0.16105,0.02155,0.04265,0.77475
0.16115,0.02165,0.04235,0.77485
0.16215,0.02285,0.0416,0.7734
0.162,0.0232,0.0413,0.7735
0.16345,0.0221,0.0417,0.77275
0.16375,0.021,0.0418,0.77345
0.1628,0.02275,0.0414,0.77305
0.1619,0.0237,0.0402,0.7742
0.1638,0.02305,0.0403,0.77285
0.1632,0.023,0.0403,0.7735
0.1628,0.02245,0.04095,0.7738
0.1623,0.02305,0.04125,0.7734
0.16205,0.02355,0.0412,0.7732
0.16155,0.02375,0.04145,0.77325
0.16095,0.0244,0.04025,0.7744
0.15975,0.0236,0.04115,0.7755
0.15935,0.0233,0.0417,0.77565
0.15985,0.0231,0.0417,0.77535
0.15995,0.02295,0.04025,0.77685
0.16035,0.02265,0.04045,0.77655
0.1599,0.02255,0.0412,0.77635
0.16005,0.02235,0.0413,0.7763
0.1588,0.0235,0.04095,0.77675
0.15815,0.0247,0.04065,0.7765
0.1582,0.0231,0.0417,0.777
0.15745,0.02215,0.0437,0.7767
0.15625,0.02215,0.0444,0.7772
0.15615,0.02255,0.04305,0.77825
0.15615,0.02325,0.04165,0.77895
0.1567,0.02275,0.0418,0.77875
0.15655,0.023,0.0425,0.77795
0.15635,0.02355,0.04185,0.77825
0.15595,0.0222,0.04345,0.7784
0.15515,0.0239,0.04235,0.7786
0.1538,0.0251,0.0416,0.7795
0.1522,0.02625,0.04085,0.7807
0.1509,0.02625,0.04195,0.7809
0.15045,0.0253,0.0424,0.78185
0.1503,0.02365,0.0436,0.78245
0.1501,0.02365,0.0433,0.78295
0.15085,0.02255,0.0428,0.7838
0.15145,0.02145,0.04315,0.78395
0.1517,0.0216,0.043,0.7837
0.1515,0.02205,0.04235,0.7841
0.15175,0.02145,0.0428,0.784
0.15205,0.02225,0.0413,0.7844
0.1506,0.02275,0.04185,0.7848
0.1511,0.0228,0.0407,0.7854
0.1512,0.02185,0.0407,0.78625
0.1518,0.0217,0.0417,0.7848
0.15155,0.0218,0.04125,0.7854
0.1516,0.0224,0.04065,0.78535
0.15115,0.02285,0.04025,0.78575
0.15305,0.02125,0.04115,0.78455
0.15355,0.0206,0.04225,0.7836
0.15345,0.02105,0.04,0.7855
0.154,0.02165,0.03975,0.7846
0.15365,0.0214,0.03975,0.7852
0.1526,0.0215,0.03975,0.78615
0.15295,0.0211,0.04025,0.7857
0.1537,0.02145,0.03945,0.7854
0.154,0.0214,0.0395,0.7851
0.15505,0.01975,0.03975,0.78545
0.1566,0.01925,0.039,0.78515
0.1563,0.0199,0.03845,0.78535
0.15655,0.02095,0.03695,0.78555
0.15725,0.02105,0.03735,0.78435
0.15715,0.0213,0.0378,0.78375
0.15665,0.02165,0.03785,0.78385
0.15825,0.0211,0.03815,0.7825
0.1588,0.0205,0.0392,0.7815
0.15915,0.0205,0.03905,0.7813
0.1596,0.02085,0.0384,0.78115
0.16,0.0203,0.03905,0.78065
0.15925,0.02055,0.03875,0.78145
0.15865,0.0209,0.03895,0.7815
0.1578,0.02165,0.03865,0.7819
0.1589,0.0212,0.0376,0.7823
0.15715,0.02165,0.0383,0.7829
0.15755,0.0229,0.03735,0.7822
0.15875,0.02105,0.03825,0.78195
0.1579,0.02165,0.03785,0.7826
0.1592,0.02155,0.0384,0.78085
0.159,0.02145,0.0386,0.78095
0.15905,0.0214,0.03935,0.7802
0.1591,0.0215,0.0398,0.7796
0.15915,0.02205,0.03865,0.78015
0.15855,0.023,0.0373,0.78115
0.1603,0.0226,0.03695,0.78015
0.15875,0.0236,0.0369,0.78075
0.15945,0.02275,0.03835,0.77945
0.1596,0.02265,0.0394,0.77835
0.1594,0.02265,0.0393,0.77865
0.1599,0.022,0.0396,0.7785
0.1598,0.02205,0.04045,0.7777
0.161,0.02215,0.0404,0.77645
0.1605,0.02235,0.0405,0.77665
0.16,0.02295,0.03995,0.7771
0.16055,0.0227,0.03955,0.7772
0.15995,0.02285,0.04,0.7772
0.15975,0.02225,0.0401,0.7779
0.1591,0.0229,0.03995,0.77805
0.15835,0.0238,0.03905,0.7788
0.1583,0.0229,0.03865,0.78015
0.1577,0.0219,0.0397,0.7807
0.15695,0.0226,0.0398,0.78065
0.15745,0.02225,0.04005,0.78025
0.15715,0.023,0.03955,0.7803
0.15685,0.0225,0.0403,0.78035
0.1579,0.0219,0.0409,0.7793
0.15875,0.0213,0.0422,0.77775
0.15935,0.02125,0.0425,0.7769
0.1588,0.0221,0.0425,0.7766
0.1583,0.0223,0.04215,0.77725
0.15705,0.02245,0.04345,0.77705
0.15705,0.02365,0.0425,0.7768
0.15565,0.0241,0.04305,0.7772
0.15495,0.02405,0.043,0.778
0.155,0.02375,0.0437,0.77755
0.15515,0.02325,0.04365,0.77795
0.1552,0.02235,0.04395,0.7785
0.1551,0.02165,0.04425,0.779
0.15575,0.0223,0.04225,0.7797
0.15645,0.0216,0.04245,0.7795
0.15555,0.02145,0.0429,0.7801
0.1556,0.0213,0.0433,0.7798
0.1555,0.0215,0.04265,0.78035
0.15465,0.0226,0.0408,0.78195
0.15555,0.02135,0.04135,0.78175
0.15585,0.02195,0.04155,0.78065
0.1554,0.02235,0.04095,0.7813
0.1552,0.02215,0.04215,0.7805
0.1551,0.0224,0.0416,0.7809
0.15445,0.02325,0.0411,0.7812
0.15395,0.02345,0.04065,0.78195
0.15445,0.0235,0.03995,0.7821
0.15445,0.0236,0.0405,0.78145
0.1547,0.0235,0.0407,0.7811
0.15465,0.02385,0.0409,0.7806
0.15365,0.0251,0.04065,0.7806
0.1526,0.02485,0.04055,0.782
0.15365,0.0233,0.042,0.78105
0.1541,0.02335,0.04245,0.7801
0.1545,0.0221,0.043,0.7804
0.1546,0.02175,0.0431,0.78055
0.1543,0.0223,0.0418,0.7816
0.1547,0.02125,0.04185,0.7822
0.15345,0.0227,0.0413,0.78255
0.15385,0.0226,0.0409,0.78265
0.15465,0.0216,0.0418,0.78195
0.15615,0.022,0.0415,0.78035
0.156,0.02205,0.04135,0.7806
0.15585,0.02255,0.04085,0.78075
0.1562,0.02245,0.0405,0.78085
0.1566,0.02195,0.04045,0.781
0.1571,0.02245,0.04015,0.7803
0.15615,0.02235,0.041,0.7805
0.1566,0.02235,0.0407,0.78035
0.155,0.02255,0.0404,0.78205
0.15595,0.0224,0.04,0.78165
0.1562,0.02185,0.03995,0.782
0.15595,0.022,0.04015,0.7819
0.1564,0.02095,0.04055,0.7821
0.15685,0.0215,0.0399,0.78175
0.1567,0.0224,0.03985,0.78105
0.1575,0.02265,0.0391,0.78075
0.1584,0.02075,0.0412,0.77965
0.15955,0.0201,0.0414,0.77895
0.1594,0.02075,0.04135,0.7785
0.1606,0.0206,0.04145,0.77735
0.1608,0.021,0.04065,0.77755
0.1625,0.02055,0.04015,0.7768
0.16375,0.0203,0.04055,0.7754
0.16365,0.0218,0.03965,0.7749
0.16325,0.02335,0.03855,0.77485
0.1631,0.0231,0.0389,0.7749
0.16195,0.02395,0.03935,0.77475
0.16065,0.02395,0.03995,0.77545
0.1603,0.02385,0.0404,0.77545
0.1618,0.02215,0.0412,0.77485
0.1624,0.0219,0.04175,0.77395
0.1624,0.0216,0.04165,0.77435
0.16095,0.02295,0.0418,0.7743
0.16035,0.02355,0.0413,0.7748
0.1593,0.0238,0.04155,0.77535
0.1589,0.02415,0.04115,0.7758
0.15925,0.02345,0.04205,0.77525
0.1597,0.0233,0.04205,0.77495
0.1598,0.02335,0.04075,0.7761
0.15965,0.0222,0.04155,0.7766
0.1597,0.0226,0.042,0.7757
0.1588,0.0236,0.04165,0.77595
0.15845,0.02355,0.0414,0.7766
0.15885,0.0226,0.04155,0.777
0.1584,0.02265,0.0409,0.77805
0.1589,0.0229,0.04115,0.77705
0.15845,0.0223,0.04295,0.7763
0.1576,0.0237,0.0424,0.7763
0.1586,0.02395,0.04165,0.7758
0.1586,0.02315,0.04235,0.7759
0.1581,0.02365,0.04245,0.7758
0.15905,0.02315,0.0426,0.7752
0.15885,0.0234,0.0422,0.77555
0.1602,0.02315,0.042,0.77465
0.1587,0.0243,0.04335,0.77365
0.1588,0.0236,0.0436,0.774
0.15895,0.0237,0.0437,0.77365
0.16,0.0244,0.04285,0.77275
0.1594,0.02405,0.0434,0.77315
0.15875,0.02505,0.04205,0.77415
0.1586,0.0238,0.04365,0.77395
0.15875,0.02345,0.0436,0.7742
0.15855,0.0239,0.04275,0.7748
0.1573,0.0245,0.0426,0.7756
0.15675,0.02435,0.0413,0.7776
0.1566,0.02415,0.04025,0.779
0.15725,0.0229,0.0408,0.77905
0.156,0.02385,0.041,0.77915
0.15575,0.02355,0.0413,0.7794
0.15615,0.02255,0.0409,0.7804
0.15595,0.022,0.04065,0.7814
0.1559,0.0224,0.04,0.7817
0.1561,0.02245,0.04015,0.7813
0.1571,0.02295,0.0401,0.77985
0.15695,0.023,0.0402,0.77985
0.1574,0.0233,0.0394,0.7799
0.15825,0.02165,0.0408,0.7793
0.159,0.02085,0.0413,0.77885
0.15915,0.02125,0.04045,0.77915
0.1587,0.02245,0.0395,0.77935
0.1588,0.0229,0.03965,0.77865
0.15945,0.02185,0.0405,0.7782
0.15985,0.02145,0.04115,0.77755
0.1588,0.0221,0.04145,0.77765
0.15915,0.0209,0.04215,0.7778
0.1589,0.0211,0.04185,0.77815
0.1576,0.0211,0.04185,0.77945
0.1583,0.021,0.04145,0.77925
0.1582,0.0219,0.0408,0.7791
0.1589,0.02185,0.0404,0.77885
0.16,0.02115,0.04015,0.7787
0.16015,0.02165,0.03945,0.77875
0.1601,0.0213,0.0397,0.7789
0.1604,0.0206,0.03985,0.77915
0.16195,0.0208,0.03875,0.7785
0.1626,0.01985,0.0401,0.77745
0.1629,0.0197,0.04015,0.77725
0.1633,0.02065,0.03905,0.777
0.1635,0.0216,0.0377,0.7772
0.1641,0.02215,0.0368,0.77695
0.16645,0.02045,0.03745,0.77565
0.1649,0.0207,0.03835,0.77605
0.16735,0.02125,0.0386,0.7728
0.16915,0.02085,0.0385,0.7715
0.1682,0.02005,0.0397,0.77205
0.1678,0.0213,0.0396,0.7713
0.1666,0.02325,0.03925,0.7709
0.16645,0.02405,0.0386,0.7709
0.16685,0.02295,0.0389,0.7713
0.1677,0.022,0.03985,0.77045
0.16845,0.0213,0.0396,0.77065
0.16825,0.0222,0.039,0.77055
0.16855,0.02175,0.0391,0.7706
0.16785,0.0226,0.0394,0.77015
0.1681,0.02295,0.0395,0.76945
0.16785,0.02235,0.0404,0.7694
0.16725,0.02195,0.0414,0.7694
0.167,0.02225,0.04205,0.7687
0.1673,0.0218,0.0415,0.7694
0.1667,0.023,0.03975,0.77055
0.16665,0.0237,0.03925,0.7704
0.16665,0.0226,0.04085,0.7699
0.16535,0.02365,0.04035,0.77065
0.1642,0.02405,0.04075,0.771
0.1641,0.0241,0.041,0.7708
0.1634,0.02395,0.0415,0.77115
0.16335,0.0228,0.0425,0.77135
0.1635,0.0233,0.04165,0.77155
0.16415,0.02355,0.0411,0.7712
0.16375,0.02325,0.03975,0.77325
0.1645,0.02165,0.04085,0.773
0.16355,0.0227,0.0409,0.77285
0.16395,0.0235,0.0402,0.77235
0.163,0.02475,0.03955,0.7727
0.16175,0.02525,0.0409,0.7721
0.1612,0.0249,0.041,0.7729
0.1605,0.0254,0.04155,0.77255
0.1621,0.0245,0.04115,0.77225
0.16155,0.0236,0.0422,0.77265
0.16125,0.02275,0.0435,0.7725
0.16245,0.02235,0.04325,0.77195
0.16135,0.0222,0.04315,0.7733
0.1613,0.02285,0.04245,0.7734
0.1607,0.02355,0.04105,0.7747
0.1615,0.02305,0.0416,0.77385
0.1607,0.02325,0.04195,0.7741
0.16135,0.02255,0.04295,0.77315
0.16,0.02355,0.0422,0.77425
0.1602,0.0236,0.0426,0.7736
0.1595,0.0226,0.0432,0.7747
0.15975,0.02275,0.04275,0.77475
0.15895,0.02365,0.0423,0.7751
0.15915,0.02335,0.04285,0.77465
0.1603,0.02215,0.04325,0.7743
0.1616,0.0222,0.04195,0.77425
0.1598,0.0236,0.0421,0.7745
0.1613,0.02205,0.0425,0.77415
0.16105,0.0217,0.0432,0.77405
0.1606,0.02275,0.0421,0.77455
0.1599,0.0232,0.0414,0.7755
0.1598,0.0236,0.04205,0.77455
0.15925,0.0235,0.042,0.77525
0.15885,0.0236,0.04235,0.7752
0.15845,0.02415,0.0418,0.7756
0.15825,0.0231,0.0424,0.77625
