0.999,0.0,0.001,0.0
0.99845,0.00055,0.001,0.0
0.99775,0.00125,0.001,0.0
0.99675,0.0021,0.0011,5e-05
0.9958,0.0028,0.0012,0.0002
0.995,0.0031,0.00165,0.00025
0.99335,0.004,0.0022,0.00045
0.99165,0.00485,0.0028,0.0007
0.98925,0.0064,0.00345,0.0009
0.9866,0.00795,0.00435,0.0011
0.9827,0.0105,0.00525,0.00155
0.9786,0.0127,0.0065,0.0022
0.97295,0.01615,0.008,0.0029
0.9667,0.01955,0.0101,0.00365
0.95865,0.02365,0.01315,0.00455
0.94925,0.02815,0.01685,0.00575
0.9375,0.03485,0.01975,0.0079
0.9241,0.04185,0.02445,0.0096
0.9048,0.0529,0.0308,0.0115
0.88315,0.06495,0.03735,0.01455
0.85795,0.079,0.0453,0.01775
0.82625,0.0953,0.05625,0.0222
0.792,0.1124,0.0693,0.0263
0.749,0.1327,0.0852,0.0331
0.70005,0.15735,0.1007,0.0419
0.64615,0.1792,0.12205,0.0526
0.58755,0.201,0.1468,0.06465
0.5228,0.22615,0.1718,0.07925
0.4581,0.24495,0.19985,0.0971
0.3909,0.26225,0.22935,0.1175
0.32405,0.2713,0.2635,0.14115
0.2637,0.2756,0.29235,0.16835
0.2101,0.2695,0.31845,0.20195
0.1641,0.2547,0.3459,0.2353
0.1246,0.234,0.36855,0.27285
0.09315,0.2127,0.38035,0.3138
0.07035,0.18375,0.3897,0.3562
0.05315,0.1552,0.3921,0.39955
0.0401,0.1325,0.3816,0.4458
0.03005,0.11185,0.36755,0.49055
0.0245,0.0893,0.34915,0.53705
0.02075,0.07065,0.32955,0.57905
0.0177,0.0558,0.30915,0.61735
0.01485,0.045,0.28375,0.6564
0.01405,0.0363,0.25955,0.6901
0.0134,0.02865,0.2377,0.72025
0.0132,0.023,0.2139,0.7499
0.01345,0.0198,0.191,0.77575
0.01405,0.01635,0.171,0.7986
0.01465,0.0137,0.1522,0.81945
0.01485,0.012,0.1344,0.83875
0.01605,0.0111,0.1183,0.85455
0.0179,0.00895,0.10615,0.867
0.0187,0.0083,0.09575,0.87725
0.0196,0.008,0.0858,0.8866
0.0213,0.00735,0.0758,0.89555
0.02375,0.0066,0.06755,0.9021
0.02555,0.00625,0.0595,0.9087
0.02785,0.0059,0.0525,0.91375
0.03015,0.00565,0.0462,0.918
0.03325,0.00535,0.04135,0.92005
0.03585,0.00485,0.0367,0.9226
0.0386,0.00445,0.03285,0.9241
0.0415,0.00435,0.02995,0.9242
0.043,0.00415,0.02805,0.9248
0.04545,0.00355,0.0253,0.9257
0.04815,0.00345,0.02255,0.92585
0.0502,0.0031,0.0201,0.9266
0.05365,0.0031,0.0179,0.92535
0.05615,0.0029,0.016,0.92495
0.05905,0.00295,0.0141,0.9239
0.06105,0.0031,0.01265,0.9232
0.06345,0.0029,0.01205,0.9216
0.0661,0.00295,0.0109,0.92005
0.06955,0.0027,0.0102,0.91755
0.07195,0.0023,0.00985,0.9159
0.07455,0.00235,0.00905,0.91405
0.07715,0.00235,0.0079,0.9126
0.07915,0.0023,0.0071,0.91145
0.0816,0.00215,0.0063,0.90995
0.08395,0.00225,0.0062,0.9076
0.08625,0.00215,0.0058,0.9058
0.08865,0.0023,0.0055,0.90355
0.09105,0.0024,0.0052,0.90135
0.09375,0.0026,0.00505,0.8986
0.09615,0.00265,0.005,0.8962
0.09895,0.00225,0.0047,0.8941
0.1016,0.00205,0.00455,0.8918
0.1042,0.0022,0.00425,0.88935
0.10655,0.00185,0.004,0.8876
0.1093,0.0018,0.004,0.8849
0.1127,0.00135,0.004,0.88195
0.115,0.00145,0.00355,0.88
0.11775,0.0015,0.00325,0.8775
0.1204,0.0013,0.0032,0.8751
0.12235,0.00135,0.00315,0.87315
0.12505,0.00125,0.0029,0.8708
0.1274,0.0013,0.0028,0.8685
0.12995,0.00105,0.0029,0.8661
0.13295,0.00135,0.00275,0.86295
0.1358,0.0015,0.00255,0.86015
0.13785,0.00175,0.0022,0.8582
0.13965,0.00135,0.0024,0.8566
0.14265,0.001,0.00245,0.8539
0.145,0.0009,0.0023,0.8518
0.147,0.00095,0.0022,0.84985
0.14975,0.0009,0.0019,0.84745
0.1518,0.0011,0.00155,0.84555
0.15455,0.00085,0.00175,0.84285
0.15705,0.00085,0.00175,0.84035
0.15905,0.001,0.0016,0.83835
0.16135,0.00115,0.00175,0.83575
0.16395,0.001,0.0019,0.83315
0.1658,0.00105,0.00185,0.8313
0.16875,0.00125,0.00165,0.82835
0.1712,0.00095,0.0017,0.82615
0.17415,0.00085,0.0021,0.8229
0.1766,0.00075,0.0021,0.82055
0.1787,0.00095,0.00215,0.8182
0.1808,0.00115,0.00175,0.8163
0.18275,0.0012,0.0018,0.81425
0.1844,0.00095,0.0021,0.81255
0.1868,0.00105,0.0022,0.80995
0.18895,0.00115,0.00235,0.80755
0.1911,0.00125,0.00235,0.8053
0.19305,0.0014,0.00235,0.8032
0.19525,0.0016,0.00215,0.801
0.19745,0.00175,0.0022,0.7986
0.19935,0.00165,0.00215,0.79685
0.2016,0.00165,0.0021,0.79465
0.20375,0.00195,0.002,0.7923
0.2055,0.0021,0.0022,0.7902
0.2073,0.00195,0.0022,0.78855
0.20915,0.00175,0.00235,0.78675
0.21105,0.0016,0.0027,0.78465
0.21335,0.0018,0.0026,0.78225
0.21525,0.0019,0.00295,0.7799
0.2173,0.0022,0.00295,0.77755
0.2199,0.0018,0.00305,0.77525
0.22215,0.00185,0.0031,0.7729
0.22425,0.0018,0.0031,0.77085
0.22615,0.0016,0.00335,0.7689
0.22795,0.0016,0.0032,0.76725
0.2299,0.0014,0.00325,0.76545
0.2319,0.00155,0.0029,0.76365
0.2338,0.00165,0.003,0.76155
0.236,0.0022,0.0031,0.7587
0.2376,0.00225,0.0028,0.75735
0.23925,0.0022,0.00275,0.7558
0.2409,0.0024,0.0028,0.7539
0.2431,0.00245,0.00295,0.7515
0.2445,0.0025,0.00315,0.74985
0.24605,0.00275,0.0031,0.7481
0.24845,0.00265,0.00315,0.74575
0.2496,0.0026,0.0034,0.7444
0.2509,0.00305,0.0035,0.74255
0.25295,0.003,0.00365,0.7404
0.2549,0.00295,0.00415,0.738
0.2561,0.00325,0.0045,0.73615
0.25725,0.00365,0.00475,0.73435
0.2596,0.0038,0.00455,0.73205
0.26085,0.0039,0.0047,0.73055
0.26155,0.00415,0.00485,0.72945
0.26215,0.00435,0.0052,0.7283
0.26375,0.00445,0.0055,0.7263
0.2652,0.00425,0.006,0.72455
0.2657,0.0053,0.0057,0.7233
0.2671,0.00515,0.0062,0.72155
0.26805,0.00545,0.0068,0.7197
0.26895,0.0057,0.00675,0.7186
0.2694,0.0059,0.00725,0.71745
0.26965,0.00625,0.0078,0.7163
0.27105,0.006,0.008,0.71495
0.27165,0.0064,0.0081,0.71385
0.27215,0.00665,0.0086,0.7126
0.27225,0.00675,0.00915,0.71185
0.27275,0.007,0.00905,0.7112
0.27285,0.00705,0.01005,0.71005
0.2727,0.0081,0.00995,0.70925
0.2737,0.00815,0.01025,0.7079
0.2739,0.008,0.01115,0.70695
0.27335,0.00925,0.01105,0.70635
0.2733,0.0096,0.0113,0.7058
0.2741,0.00955,0.01145,0.7049
0.27395,0.0097,0.01285,0.7035
0.27455,0.01035,0.0134,0.7017
0.2742,0.01155,0.01375,0.7005
0.2734,0.0117,0.0147,0.7002
0.2727,0.0116,0.0159,0.6998
0.27165,0.01225,0.01695,0.69915
0.26955,0.01455,0.01745,0.69845
0.2688,0.01515,0.01795,0.6981
0.2668,0.01595,0.0193,0.69795
0.26465,0.01715,0.0201,0.6981
0.26305,0.01815,0.02125,0.69755
0.2617,0.01805,0.02205,0.6982
0.25955,0.01845,0.023,0.699
0.2568,0.02015,0.02315,0.6999
0.25535,0.01965,0.025,0.7
0.25185,0.0198,0.02705,0.7013
0.24905,0.02125,0.0281,0.7016
0.2471,0.0218,0.02875,0.70235
0.2443,0.0227,0.0297,0.7033
0.24105,0.0237,0.03075,0.7045
0.2385,0.0231,0.03265,0.70575
0.23515,0.02305,0.0341,0.7077
0.23075,0.02475,0.0349,0.7096
0.2284,0.02485,0.0354,0.71135
0.22355,0.0266,0.03655,0.7133
0.2202,0.0277,0.03765,0.71445
0.2164,0.027,0.04085,0.71575
0.2121,0.0272,0.04215,0.71855
0.20725,0.0292,0.04365,0.7199
0.2026,0.03035,0.0443,0.72275
0.19835,0.03085,0.04505,0.72575
0.1944,0.0314,0.0457,0.7285
0.1903,0.0316,0.04625,0.73185
0.18625,0.0315,0.0469,0.73535
0.1824,0.03075,0.0489,0.73795
0.179,0.0306,0.05085,0.73955
0.1733,0.0314,0.05125,0.74405
0.17015,0.03025,0.053,0.7466
0.1665,0.02915,0.0541,0.75025
0.1632,0.0295,0.0549,0.7524
0.1593,0.0299,0.0544,0.7564
0.157,0.0289,0.0552,0.7589
0.15425,0.0291,0.05515,0.7615
0.1508,0.02935,0.05315,0.7667
0.14785,0.0291,0.0535,0.76955
0.14515,0.02875,0.05425,0.77185
0.14315,0.02805,0.0544,0.7744
0.1409,0.0285,0.0544,0.7762
0.139,0.0279,0.05475,0.77835
0.1366,0.0277,0.05375,0.78195
0.13485,0.02625,0.05315,0.78575
0.1327,0.02545,0.05295,0.7889
0.12995,0.02595,0.05255,0.79155
0.1292,0.0248,0.05075,0.79525
0.12835,0.0232,0.052,0.79645
0.12725,0.02295,0.05015,0.79965
0.12585,0.02255,0.0487,0.8029
0.124,0.02225,0.0488,0.80495
0.12255,0.02275,0.0475,0.8072
0.122,0.02255,0.04775,0.8077
0.12115,0.0223,0.0474,0.80915
0.12105,0.02125,0.0466,0.8111
0.1208,0.02075,0.0446,0.81385
0.1209,0.02075,0.04325,0.8151
0.12215,0.02005,0.0412,0.8166
0.1228,0.01895,0.04035,0.8179
0.1231,0.0177,0.0394,0.8198
0.12585,0.0165,0.03855,0.8191
0.125,0.0168,0.037,0.8212
0.1251,0.017,0.03645,0.82145
0.1258,0.0175,0.035,0.8217
0.1262,0.0176,0.03355,0.82265
0.12735,0.0166,0.0331,0.82295
0.12905,0.0166,0.0335,0.82085
0.13055,0.01595,0.03275,0.82075
0.13215,0.01535,0.03205,0.82045
0.1332,0.0145,0.031,0.8213
0.1345,0.01445,0.0308,0.82025
0.1348,0.015,0.03065,0.81955
0.13715,0.01525,0.02965,0.81795
0.13805,0.01435,0.02995,0.81765
0.1405,0.01345,0.0296,0.81645
0.1421,0.0133,0.0288,0.8158
0.14355,0.0132,0.02755,0.8157
0.14485,0.01315,0.0277,0.8143
0.1465,0.0133,0.0278,0.8124
0.1478,0.0141,0.027,0.8111
0.14925,0.0143,0.0262,0.81025
0.15095,0.0139,0.0267,0.80845
0.1524,0.0145,0.026,0.8071
0.15315,0.014,0.02645,0.8064
0.1546,0.01395,0.0263,0.80515
0.15745,0.0129,0.0251,0.80455
0.1594,0.0129,0.0252,0.8025
0.1604,0.01265,0.0257,0.80125
0.16075,0.0132,0.0255,0.80055
0.1621,0.0142,0.0237,0.8
0.16395,0.0135,0.02365,0.7989
0.1652,0.01405,0.02275,0.798
0.16665,0.0147,0.02265,0.796
0.16795,0.014,0.023,0.79505
0.1683,0.01375,0.02355,0.7944
0.1697,0.0144,0.02305,0.79285
0.17105,0.01395,0.02395,0.79105
0.1709,0.014,0.0241,0.791
0.1725,0.014,0.02495,0.78855
0.17375,0.0146,0.0253,0.78635
0.1749,0.01505,0.0248,0.78525
0.17545,0.01575,0.02485,0.78395
0.17605,0.0157,0.02465,0.7836
0.1782,0.01505,0.02605,0.7807
0.17865,0.01585,0.026,0.7795
0.1791,0.01675,0.0264,0.77775
0.1801,0.01565,0.0265,0.77775
0.1812,0.01565,0.02695,0.7762
0.1817,0.0157,0.02655,0.77605
0.1825,0.0155,0.02795,0.77405
0.1831,0.01605,0.0272,0.77365
0.1842,0.01625,0.02725,0.7723
0.18465,0.01595,0.0279,0.7715
0.1858,0.01605,0.0282,0.76995
0.1869,0.01595,0.02865,0.7685
0.1859,0.01705,0.02905,0.768
0.1867,0.0186,0.02845,0.76625
0.1862,0.0191,0.0286,0.7661
0.18625,0.01915,0.02885,0.76575
0.1873,0.0183,0.0295,0.7649
0.18745,0.01825,0.0298,0.7645
0.1862,0.0193,0.0301,0.7644
0.1869,0.02,0.03005,0.76305
0.18765,0.02055,0.031,0.7608
0.1879,0.02065,0.0316,0.75985
0.1869,0.0206,0.0323,0.7602
0.1872,0.02,0.0335,0.7593
0.18685,0.0205,0.03435,0.7583
0.18615,0.0213,0.0342,0.75835
0.18565,0.0215,0.0357,0.75715
0.1842,0.023,0.0352,0.7576
0.1844,0.02285,0.03545,0.7573
0.18425,0.02145,0.03685,0.75745
0.1828,0.0219,0.03775,0.75755
0.1823,0.0212,0.0389,0.7576
0.17995,0.0226,0.03815,0.7593
0.18075,0.0226,0.03815,0.7585
0.17955,0.02185,0.0394,0.7592
0.17865,0.02295,0.0392,0.7592
0.1773,0.0235,0.0386,0.7606
0.1777,0.0237,0.0379,0.7607
0.1762,0.02385,0.0382,0.76175
0.1756,0.02365,0.0385,0.76225
0.17505,0.0235,0.03925,0.7622
0.1751,0.02275,0.0391,0.76305
0.17445,0.02315,0.0394,0.763
0.1734,0.0238,0.0395,0.7633
0.1731,0.0244,0.03915,0.76335
0.17275,0.0245,0.0394,0.76335
0.1725,0.0237,0.04065,0.76315
0.17295,0.02235,0.04185,0.76285
0.1728,0.02315,0.04115,0.7629
0.1706,0.02435,0.0411,0.76395
0.17,0.02565,0.04105,0.7633
0.1702,0.02515,0.0416,0.76305
0.16945,0.02575,0.0414,0.7634
0.1687,0.0251,0.04275,0.76345
0.16775,0.02565,0.0435,0.7631
0.16705,0.0259,0.0436,0.76345
0.1673,0.0244,0.04495,0.76335
0.1671,0.02515,0.0449,0.76285
0.1656,0.02665,0.04295,0.7648
0.16395,0.026,0.0432,0.76685
0.1637,0.0253,0.04435,0.76665
0.16295,0.0264,0.0437,0.76695
0.16285,0.0247,0.0447,0.76775
0.16185,0.0247,0.04615,0.7673
0.16065,0.0252,0.04585,0.7683
0.15975,0.025,0.04475,0.7705
0.1595,0.025,0.04525,0.77025
0.1587,0.0256,0.0457,0.77
0.1587,0.02455,0.0457,0.77105
0.15805,0.0245,0.0475,0.76995
0.15725,0.0244,0.04775,0.7706
0.15605,0.0248,0.0473,0.77185
0.15535,0.0246,0.04595,0.7741
0.156,0.02505,0.0449,0.77405
0.15525,0.02525,0.0443,0.7752
0.1545,0.02535,0.04535,0.7748
0.15465,0.02525,0.04485,0.77525
0.1538,0.02505,0.0455,0.77565
0.15285,0.0243,0.0448,0.77805
0.15295,0.0233,0.04605,0.7777
0.15235,0.0241,0.04485,0.7787
0.152,0.0242,0.04475,0.77905
0.15165,0.02395,0.045,0.7794
0.1498,0.0241,0.0452,0.7809
0.1491,0.0242,0.04485,0.78185
0.14885,0.02425,0.04435,0.78255
0.14895,0.02315,0.04495,0.78295
0.1492,0.02225,0.04535,0.7832
0.14885,0.02195,0.04615,0.78305
0.1489,0.022,0.0451,0.784
0.14805,0.0224,0.04485,0.7847
0.1469,0.0229,0.04435,0.78585
0.14835,0.0222,0.04345,0.786
0.1493,0.0209,0.04415,0.78565
0.1506,0.0197,0.0434,0.7863
0.1502,0.0205,0.04135,0.78795
0.15025,0.02085,0.0407,0.7882
0.14955,0.02195,0.04,0.7885
0.1485,0.02295,0.03895,0.7896
0.14975,0.0224,0.0384,0.78945
0.14935,0.02225,0.0395,0.7889
0.1512,0.0212,0.0403,0.7873
0.14995,0.02285,0.0396,0.7876
0.15125,0.02145,0.04045,0.78685
0.152,0.02155,0.04065,0.7858
0.1519,0.02165,0.0403,0.78615
0.1531,0.0213,0.04045,0.78515
0.15265,0.0217,0.04035,0.7853
0.1519,0.02225,0.0397,0.78615
0.1509,0.0229,0.03975,0.78645
0.15065,0.0225,0.0393,0.78755
0.1515,0.0218,0.0397,0.787
0.1515,0.02125,0.03965,0.7876
0.152,0.02195,0.0394,0.78665
0.15305,0.0219,0.03905,0.786
0.15255,0.02185,0.03905,0.78655
0.15335,0.0218,0.0376,0.78725
0.1551,0.021,0.03785,0.78605
0.15595,0.0197,0.03805,0.7863
0.158,0.01985,0.0368,0.78535
0.1589,0.01975,0.03725,0.7841
0.16025,0.0192,0.03745,0.7831
0.16185,0.0191,0.03715,0.7819
0.1624,0.01985,0.03675,0.781
0.1633,0.02035,0.0372,0.77915
0.1631,0.02005,0.03815,0.7787
0.16345,0.0201,0.03755,0.7789
0.16335,0.02025,0.03685,0.77955
0.16375,0.0214,0.0359,0.77895
0.1639,0.02145,0.03675,0.7779
0.16485,0.02115,0.03705,0.77695
0.1646,0.0212,0.0377,0.7765
0.16335,0.0223,0.0374,0.77695
0.1649,0.02225,0.03685,0.776
0.1661,0.02105,0.03665,0.7762
0.16565,0.02085,0.0366,0.7769
0.16625,0.02145,0.03705,0.77525
0.1665,0.02145,0.03755,0.7745
0.16555,0.02255,0.03815,0.77375
0.1651,0.02325,0.03785,0.7738
0.1655,0.02285,0.03775,0.7739
0.1659,0.02135,0.03885,0.7739
0.1649,0.02155,0.03965,0.7739
0.1641,0.0218,0.0404,0.7737
0.1635,0.02255,0.04015,0.7738
0.16365,0.0228,0.0396,0.77395
0.16365,0.02285,0.0389,0.7746
0.16405,0.02315,0.0388,0.774
0.1646,0.02225,0.0397,0.77345
0.1646,0.02195,0.0399,0.77355
0.1661,0.02065,0.04075,0.7725
0.1656,0.0211,0.04005,0.77325
0.1656,0.0221,0.0388,0.7735
0.16645,0.0221,0.0373,0.77415
0.16585,0.02255,0.0375,0.7741
0.1657,0.02195,0.03825,0.7741
0.16625,0.0227,0.0387,0.77235
0.1668,0.0226,0.0385,0.7721
0.1668,0.02205,0.03975,0.7714
0.16685,0.02235,0.0397,0.7711
0.1673,0.0223,0.0392,0.7712
0.1676,0.02235,0.03785,0.7722
0.16755,0.02125,0.0394,0.7718
0.16665,0.02275,0.03895,0.77165
0.1678,0.0218,0.0384,0.772
0.1684,0.0206,0.03945,0.77155
0.1688,0.0199,0.0393,0.772
0.16895,0.0209,0.03875,0.7714
0.1682,0.02165,0.038,0.77215
0.1685,0.02175,0.03815,0.7716
0.1677,0.02185,0.0384,0.77205
0.16715,0.0215,0.038,0.77335
0.1673,0.02235,0.03805,0.7723
0.1669,0.02275,0.0378,0.77255
0.16615,0.0225,0.0378,0.77355
0.16575,0.0217,0.03845,0.7741
0.16425,0.02265,0.0392,0.7739
0.16345,0.0236,0.0389,0.77405
0.16355,0.0238,0.03875,0.7739
0.16235,0.0248,0.0389,0.77395
0.163,0.02425,0.0401,0.77265
0.16175,0.0245,0.04075,0.773
0.1614,0.02335,0.04105,0.7742
0.16105,0.0227,0.042,0.77425
0.16015,0.02285,0.04155,0.77545
0.1602,0.02335,0.04125,0.7752
0.16075,0.02225,0.04145,0.77555
0.1613,0.02185,0.0409,0.77595
0.16115,0.02125,0.0414,0.7762
0.1606,0.022,0.04015,0.77725
0.1597,0.0221,0.0396,0.7786
0.1605,0.02225,0.03905,0.7782
0.1609,0.0223,0.03935,0.77745
0.16095,0.02125,0.0396,0.7782
0.16085,0.0213,0.0394,0.77845
0.16055,0.0229,0.0398,0.77675
0.1593,0.0232,0.0402,0.7773
0.15955,0.0222,0.04015,0.7781
0.15915,0.02185,0.0402,0.7788
0.1596,0.0209,0.04065,0.77885
0.1582,0.02215,0.03945,0.7802
0.1582,0.0228,0.03875,0.78025
0.15725,0.0224,0.0399,0.78045
0.1583,0.02085,0.0406,0.78025
0.15725,0.0215,0.04075,0.7805
0.15755,0.0219,0.03995,0.7806
0.15675,0.0225,0.04015,0.7806
0.15685,0.0215,0.04095,0.7807
0.1572,0.02145,0.041,0.78035
0.157,0.02165,0.0411,0.78025
0.15675,0.02285,0.03955,0.78085
0.157,0.0232,0.0388,0.781
0.15605,0.0232,0.0386,0.78215
0.1554,0.0228,0.03895,0.78285
0.15565,0.02235,0.0388,0.7832
0.15585,0.02095,0.04015,0.78305
0.15565,0.0209,0.03945,0.784
0.15495,0.0218,0.03975,0.7835
0.154,0.0226,0.03905,0.78435
0.1546,0.021,0.0397,0.7847
0.1547,0.02045,0.0406,0.78425
0.15365,0.02105,0.0398,0.7855
0.1542,0.02055,0.0392,0.78605
0.1548,0.02105,0.03855,0.7856
0.15555,0.0208,0.03715,0.7865
0.15605,0.02025,0.03765,0.78605
0.1562,0.0208,0.0365,0.7865
0.1567,0.0201,0.03675,0.78645
0.1563,0.0202,0.03735,0.78615
0.15655,0.0209,0.03615,0.7864
0.15675,0.01975,0.03715,0.78635
0.1572,0.02005,0.0366,0.78615
0.15845,0.01945,0.03615,0.78595
0.15955,0.0186,0.03675,0.7851
0.1596,0.0199,0.0363,0.7842
0.16105,0.01895,0.03555,0.78445
0.16115,0.0194,0.03635,0.7831
0.1627,0.01895,0.03655,0.7818
0.1634,0.0193,0.0364,0.7809
0.1639,0.01925,0.03595,0.7809
0.16435,0.01915,0.0355,0.781
0.16325,0.02045,0.03485,0.78145
0.1623,0.02235,0.034,0.78135
0.1625,0.0226,0.0342,0.7807
0.16305,0.02155,0.0353,0.7801
0.16375,0.0194,0.03705,0.7798
0.16405,0.02,0.03675,0.7792
0.16415,0.02075,0.0363,0.7788
0.16425,0.02225,0.03625,0.77725
0.1654,0.0215,0.03665,0.77645
0.16715,0.02055,0.03845,0.77385
0.1659,0.02195,0.0386,0.77355
0.16555,0.0222,0.0382,0.77405
0.1663,0.0206,0.0391,0.774
0.16555,0.02195,0.0387,0.7738
0.1666,0.0227,0.037,0.7737
0.1664,0.02235,0.0373,0.77395
0.16665,0.02365,0.03655,0.77315
0.16675,0.0221,0.0382,0.77295
0.1667,0.02115,0.039,0.77315
0.168,0.02045,0.0384,0.77315
0.16945,0.0206,0.03865,0.7713
0.16995,0.02145,0.0383,0.7703
0.1694,0.02275,0.038,0.76985
0.1698,0.0224,0.0377,0.7701
0.171,0.0221,0.03885,0.76805
0.1711,0.0226,0.03925,0.76705
0.1711,0.02305,0.039,0.76685
0.1715,0.02235,0.0393,0.76685
0.1701,0.02345,0.04,0.76645
0.17015,0.0237,0.0401,0.76605
0.16925,0.02425,0.04015,0.76635
0.16925,0.0234,0.04065,0.7667
0.17015,0.0225,0.0421,0.76525
0.16975,0.02295,0.0415,0.7658
0.16895,0.024,0.04105,0.766
0.1699,0.0229,0.042,0.7652
0.16905,0.0238,0.0428,0.76435
0.1676,0.0258,0.04195,0.76465
0.16735,0.02575,0.0424,0.7645
0.16865,0.02405,0.04285,0.76445
0.16825,0.0231,0.04355,0.7651
0.16715,0.02385,0.04355,0.76545
0.16555,0.0256,0.04345,0.7654
0.16575,0.0238,0.0455,0.76495
0.16385,0.02485,0.04575,0.76555
0.1628,0.0247,0.0455,0.767
0.1632,0.02285,0.04645,0.7675
0.1602,0.02495,0.0452,0.76965
0.1602,0.02445,0.04625,0.7691
0.1587,0.02475,0.04595,0.7706
0.1567,0.0267,0.04495,0.77165
0.15635,0.02665,0.04445,0.77255
0.15675,0.02515,0.0455,0.7726
0.1556,0.0255,0.0459,0.773
0.15605,0.02545,0.0458,0.7727
0.15425,0.0255,0.0468,0.77345
0.1542,0.0262,0.04635,0.77325
0.15375,0.02495,0.0459,0.7754
0.15425,0.0241,0.0465,0.77515
0.15365,0.02465,0.04725,0.77445
0.154,0.02435,0.0471,0.77455
0.15455,0.02405,0.0477,0.7737
0.1538,0.02565,0.0469,0.77365
0.15405,0.0249,0.0461,0.77495
0.15435,0.02505,0.04565,0.77495
0.15395,0.02485,0.0463,0.7749
0.1546,0.02425,0.04545,0.7757
0.15525,0.0235,0.0458,0.77545
0.1558,0.0231,0.04605,0.77505
0.15525,0.0234,0.04455,0.7768
0.1543,0.0239,0.04365,0.77815
0.1528,0.02415,0.0441,0.77895
0.1522,0.02485,0.04375,0.7792
0.15145,0.02495,0.0433,0.7803
0.1522,0.0226,0.0442,0.781
0.15215,0.02315,0.04345,0.78125
0.15225,0.023,0.0432,0.78155
0.1513,0.02275,0.0439,0.78205
0.152,0.02315,0.0427,0.78215
0.15195,0.02355,0.04215,0.78235
0.15215,0.0245,0.0417,0.78165
0.15235,0.0234,0.0426,0.78165
0.15115,0.02385,0.04355,0.78145
0.15095,0.0242,0.04315,0.7817
0.15135,0.02345,0.04355,0.78165
0.15105,0.02285,0.04345,0.78265
0.15055,0.0232,0.0434,0.78285
0.15025,0.02305,0.04285,0.78385
0.15095,0.02225,0.04205,0.78475
0.1509,0.0223,0.04215,0.78465
0.15205,0.02235,0.04165,0.78395
0.15215,0.02295,0.04165,0.78325
0.15185,0.02285,0.04245,0.78285
0.1526,0.0217,0.04235,0.78335
0.15245,0.02135,0.042,0.7842
0.1526,0.0213,0.04165,0.78445
0.15385,0.0204,0.04155,0.7842
0.15395,0.0214,0.0402,0.78445
0.1551,0.0214,0.0398,0.7837
0.15485,0.0204,0.04,0.78475
0.15555,0.0209,0.0393,0.78425
0.1577,0.0204,0.0394,0.7825
0.1593,0.0196,0.0398,0.7813
0.16135,0.0195,0.03865,0.7805
0.1615,0.0194,0.0384,0.7807
0.16185,0.01965,0.03685,0.78165
0.1623,0.01965,0.03745,0.7806
0.1625,0.02085,0.036,0.78065
0.1632,0.02095,0.0354,0.78045
0.1636,0.02015,0.0362,0.78005
0.16365,0.02115,0.03555,0.77965
0.1632,0.02175,0.0352,0.77985
0.16475,0.0211,0.0355,0.77865
0.1648,0.02135,0.0356,0.77825
0.16635,0.0202,0.0348,0.77865
0.1663,0.02025,0.03515,0.7783
0.1678,0.02035,0.0349,0.77695
0.16975,0.01955,0.0353,0.7754
0.17,0.0188,0.03635,0.77485
0.17015,0.01935,0.036,0.7745
0.17055,0.01975,0.0359,0.7738
0.17165,0.02045,0.0356,0.7723
0.1729,0.0201,0.0357,0.7713
0.1725,0.021,0.03655,0.76995
0.1724,0.02125,0.0361,0.77025
0.1732,0.0206,0.03635,0.76985
0.17315,0.0209,0.0371,0.76885
0.1721,0.0215,0.0374,0.769
0.1724,0.0211,0.0385,0.768
0.1732,0.02145,0.0388,0.76655
0.1731,0.02275,0.03795,0.7662
0.17355,0.0221,0.0389,0.76545
0.1745,0.02215,0.0389,0.76445
0.1747,0.0218,0.0396,0.7639
0.1735,0.0228,0.03945,0.76425
0.17365,0.0229,0.0393,0.76415
0.1731,0.02335,0.0397,0.76385
0.17335,0.02315,0.041,0.7625
0.1737,0.0235,0.0404,0.7624
0.17435,0.02375,0.04035,0.76155
0.175,0.02355,0.0405,0.76095
0.17395,0.0245,0.0415,0.76005
0.1726,0.0257,0.04165,0.76005
0.17085,0.02655,0.04235,0.76025
0.1706,0.0272,0.04215,0.76005
0.17075,0.0263,0.04265,0.7603
0.16925,0.0261,0.0439,0.76075
0.16775,0.0264,0.04415,0.7617
0.16635,0.0265,0.04405,0.7631
0.1658,0.02595,0.0446,0.76365
0.16325,0.0277,0.04515,0.7639
0.1627,0.02795,0.04475,0.7646
0.1617,0.02725,0.04585,0.7652
0.16225,0.02605,0.04565,0.76605
0.162,0.0263,0.0456,0.7661
0.1626,0.02465,0.04675,0.766
0.16105,0.02435,0.04735,0.76725
0.1608,0.02355,0.04875,0.7669
0.16005,0.0243,0.04795,0.7677
0.16065,0.0235,0.0464,0.76945
0.15945,0.0227,0.0468,0.77105
0.1583,0.023,0.04655,0.77215
0.15735,0.0237,0.04545,0.7735
0.15785,0.0228,0.04435,0.775
0.1583,0.023,0.0444,0.7743
0.1576,0.02335,0.0445,0.77455
0.15815,0.02295,0.04365,0.77525
0.1572,0.0235,0.04315,0.77615
0.15625,0.0241,0.0422,0.77745
0.15525,0.02475,0.04145,0.77855
0.15525,0.0238,0.04295,0.778
0.157,0.0222,0.0437,0.7771
0.1583,0.0216,0.0429,0.7772
0.15855,0.02105,0.04335,0.77705
0.1581,0.02245,0.0416,0.77785
0.1572,0.02235,0.04125,0.7792
0.1577,0.02245,0.0412,0.77865
0.1575,0.02285,0.04045,0.7792
0.15805,0.02235,0.04035,0.77925
0.1587,0.02225,0.0404,0.77865
0.15995,0.02135,0.04005,0.77865
0.1596,0.0228,0.0396,0.778
0.16025,0.02225,0.03935,0.77815
0.16115,0.022,0.0394,0.77745
0.1616,0.0209,0.04005,0.77745
0.1613,0.02135,0.0404,0.77695
0.16045,0.022,0.0396,0.77795
0.1612,0.02295,0.0387,0.77715
0.16115,0.02345,0.0397,0.7757
0.16095,0.0234,0.0403,0.77535
0.16225,0.02245,0.03995,0.77535
0.16025,0.0227,0.04075,0.7763
0.16005,0.02255,0.0405,0.7769
0.1591,0.023,0.04125,0.77665
0.1599,0.02325,0.0415,0.77535
