0.999,0.0,0.001,0.0
0.9983,0.0007,0.001,0.0
0.99775,0.00125,0.00095,5e-05
0.9971,0.00165,0.00105,0.0002
0.9964,0.00205,0.00125,0.0003
0.99555,0.0024,0.0015,0.00055
0.9941,0.0034,0.0019,0.0006
0.99255,0.00445,0.00225,0.00075
0.9906,0.00555,0.00285,0.001
0.9886,0.0065,0.0037,0.0012
0.98545,0.0081,0.0047,0.00175
0.9814,0.01045,0.00595,0.0022
0.9766,0.0132,0.0074,0.0028
0.97075,0.01665,0.00895,0.00365
0.96485,0.019,0.0118,0.00435
0.95575,0.02475,0.01415,0.00535
0.9448,0.03135,0.0169,0.00695
0.93335,0.03765,0.0205,0.0085
0.918,0.04425,0.0272,0.01055
0.89745,0.0566,0.03265,0.0133
0.87465,0.069,0.0394,0.01695
0.85005,0.0817,0.04795,0.0203
0.8184,0.097,0.0601,0.0245
0.7798,0.11805,0.0721,0.03005
0.73725,0.13725,0.08865,0.03685
0.6894,0.1572,0.10835,0.04505
0.6348,0.18045,0.12915,0.0556
0.5734,0.20765,0.1504,0.06855
0.51065,0.2317,0.1732,0.08445
0.4465,0.2474,0.20385,0.10225
0.37835,0.2635,0.23635,0.1218
0.3178,0.2688,0.2671,0.1463
0.2588,0.2677,0.29865,0.17485
0.2057,0.26065,0.32785,0.2058
0.161,0.2476,0.35045,0.24095
0.12325,0.22885,0.3679,0.28
0.0929,0.2065,0.3772,0.3234
0.07,0.1813,0.3839,0.3648
0.0516,0.1572,0.38205,0.40915
0.03935,0.13165,0.37805,0.45095
0.03145,0.10755,0.36495,0.49605
0.0247,0.08605,0.3501,0.53915
0.0205,0.0695,0.3294,0.5806
0.0177,0.0551,0.30635,0.62085
0.0156,0.0443,0.2816,0.6585
0.01405,0.0356,0.2564,0.69395
0.0134,0.02905,0.23355,0.724
0.01285,0.02285,0.21035,0.75395
0.01365,0.01845,0.18955,0.77835
0.01435,0.01535,0.1715,0.7988
0.01555,0.0129,0.15435,0.8172
0.0169,0.0112,0.13745,0.83445
0.0173,0.00995,0.12235,0.8504
0.0183,0.00905,0.10945,0.8632
0.0193,0.00815,0.0971,0.87545
0.0211,0.00815,0.08665,0.8841
0.02205,0.0077,0.0769,0.89335
0.02315,0.00645,0.06875,0.90165
0.0246,0.00605,0.06165,0.9077
0.0269,0.0052,0.0536,0.9143
0.0288,0.0049,0.0474,0.9189
0.03135,0.00435,0.04385,0.92045
0.03345,0.00445,0.03865,0.92345
0.0357,0.00425,0.0345,0.92555
0.0373,0.0044,0.0308,0.9275
0.0394,0.0045,0.02665,0.92945
0.04275,0.00395,0.0242,0.9291
0.04545,0.0034,0.022,0.92915
0.0483,0.00295,0.01945,0.9293
0.05135,0.0027,0.0173,0.92865
0.05405,0.0027,0.0158,0.92745
0.05735,0.00245,0.0149,0.9253
0.0598,0.00255,0.0131,0.92455
0.06265,0.0025,0.01185,0.923
0.06555,0.00235,0.01055,0.92155
0.06835,0.00245,0.0096,0.9196
0.07085,0.0021,0.00885,0.9182
0.0734,0.00215,0.0083,0.91615
0.07555,0.0022,0.00745,0.9148
0.0782,0.00225,0.0069,0.91265
0.0809,0.0022,0.00675,0.91015
0.08425,0.0021,0.0063,0.90735
0.0872,0.00175,0.00615,0.9049
0.08995,0.0016,0.00615,0.9023
0.0926,0.00185,0.00585,0.8997
0.0954,0.00155,0.0057,0.89735
0.09785,0.00155,0.00545,0.89515
0.1009,0.00155,0.0051,0.89245
0.1031,0.0017,0.0044,0.8908
0.10605,0.00165,0.0042,0.8881
0.1088,0.0017,0.0039,0.8856
0.11125,0.0019,0.00345,0.8834
0.1137,0.0022,0.0028,0.8813
0.11635,0.00195,0.0029,0.8788
0.1191,0.00175,0.00305,0.8761
0.12125,0.00175,0.00285,0.87415
0.12315,0.0016,0.0028,0.87245
0.1254,0.0015,0.00285,0.87025
0.1281,0.00115,0.00295,0.8678
0.1308,0.0011,0.00295,0.86515
0.13405,0.00105,0.0027,0.8622
0.13705,0.00105,0.0025,0.8594
0.13955,0.00095,0.0023,0.8572
0.1427,0.00095,0.0023,0.85405
0.1454,0.00105,0.00205,0.8515
0.14815,0.00085,0.0022,0.8488
0.15115,0.00105,0.00165,0.84615
0.15305,0.0011,0.0017,0.84415
0.1555,0.00105,0.0018,0.84165
0.1581,0.00125,0.0017,0.83895
0.16065,0.00115,0.0019,0.8363
0.16305,0.00115,0.0022,0.8336
0.16535,0.00125,0.00225,0.83115
0.1673,0.00165,0.0021,0.82895
0.1691,0.0016,0.00215,0.82715
0.1717,0.0016,0.0021,0.8246
0.1737,0.00155,0.00225,0.8225
0.1768,0.00125,0.00255,0.8194
0.17835,0.0013,0.00285,0.8175
0.1812,0.00145,0.0026,0.81475
0.1837,0.00135,0.0027,0.81225
0.1859,0.00125,0.00285,0.81
0.1878,0.00145,0.0028,0.80795
0.18945,0.0014,0.0027,0.80645
0.19105,0.00155,0.00265,0.80475
0.1928,0.0015,0.00265,0.80305
0.19545,0.00135,0.0029,0.8003
0.19795,0.00135,0.0027,0.798
0.20005,0.0011,0.0029,0.79595
0.20195,0.0009,0.0031,0.79405
0.2037,0.00115,0.0025,0.79265
0.2056,0.00145,0.0023,0.79065
0.2078,0.00155,0.00235,0.7883
0.2097,0.00155,0.0026,0.78615
0.21115,0.00185,0.0022,0.7848
0.21275,0.0021,0.00195,0.7832
0.21485,0.00165,0.00235,0.78115
0.21745,0.00175,0.0024,0.7784
0.2189,0.00175,0.0025,0.77685
0.2203,0.00195,0.00235,0.7754
0.2225,0.0017,0.0027,0.7731
0.2239,0.0019,0.003,0.7712
0.2257,0.00185,0.00305,0.7694
0.22685,0.00225,0.0032,0.7677
0.2282,0.00235,0.00335,0.7661
0.2305,0.0028,0.00335,0.76335
0.23245,0.0027,0.0039,0.76095
0.2341,0.0029,0.0039,0.7591
0.2356,0.0029,0.00385,0.75765
0.2368,0.003,0.00405,0.75615
0.23835,0.0029,0.0043,0.75445
0.24005,0.00325,0.00445,0.75225
0.2416,0.0029,0.00485,0.75065
0.24295,0.0033,0.00485,0.7489
0.2442,0.004,0.0052,0.7466
0.2446,0.0045,0.00555,0.74535
0.24525,0.0046,0.00595,0.7442
0.24655,0.00505,0.00585,0.74255
0.2475,0.00525,0.00615,0.7411
0.2488,0.00495,0.0065,0.73975
0.24955,0.00505,0.0071,0.7383
0.25045,0.00575,0.0075,0.7363
0.2511,0.0065,0.00745,0.73495
0.2521,0.0065,0.0077,0.7337
0.2525,0.00635,0.0084,0.73275
0.253,0.00665,0.00935,0.731
0.2535,0.0069,0.0098,0.7298
0.25335,0.0078,0.0101,0.72875
0.2532,0.00825,0.0096,0.72895
0.25235,0.00865,0.0106,0.7284
0.25265,0.00875,0.0117,0.7269
0.25235,0.009,0.01215,0.7265
0.252,0.0103,0.01265,0.72505
0.2515,0.0101,0.0137,0.7247
0.251,0.01065,0.01475,0.7236
0.2504,0.01095,0.01555,0.7231
0.24985,0.0112,0.01645,0.7225
0.24895,0.01115,0.01775,0.72215
0.2479,0.01165,0.01805,0.7224
0.24725,0.012,0.01895,0.7218
0.24465,0.01385,0.01945,0.72205
0.2426,0.01545,0.01935,0.7226
0.2411,0.0157,0.02045,0.72275
0.2392,0.01675,0.0214,0.72265
0.23755,0.01725,0.0221,0.7231
0.2353,0.01735,0.02395,0.7234
0.233,0.01895,0.0238,0.72425
0.23065,0.02,0.0241,0.72525
0.2285,0.0198,0.02525,0.72645
0.22685,0.01995,0.0261,0.7271
0.22515,0.01975,0.02745,0.72765
0.2234,0.0196,0.0288,0.7282
0.2215,0.01935,0.03005,0.7291
0.21815,0.0213,0.03115,0.7294
0.2156,0.02095,0.0323,0.73115
0.21195,0.02285,0.0321,0.7331
0.20885,0.0239,0.0335,0.73375
0.20515,0.0244,0.0355,0.73495
0.2022,0.02425,0.0364,0.73715
0.19865,0.02445,0.0379,0.739
0.19495,0.02525,0.03805,0.74175
0.19195,0.026,0.0374,0.74465
0.18765,0.0272,0.0375,0.74765
0.18475,0.02635,0.039,0.7499
0.18165,0.0256,0.0406,0.75215
0.17905,0.02475,0.0422,0.754
0.1765,0.02455,0.04175,0.7572
0.17365,0.0244,0.0426,0.75935
0.16975,0.024,0.0441,0.76215
0.1668,0.0244,0.04485,0.76395
0.16335,0.02545,0.04505,0.76615
0.1617,0.026,0.04415,0.76815
0.1583,0.02625,0.04425,0.7712
0.1556,0.02525,0.04495,0.7742
0.1534,0.02385,0.0459,0.77685
0.15175,0.0238,0.04475,0.7797
0.14995,0.02365,0.04465,0.78175
0.1486,0.0229,0.0447,0.7838
0.1478,0.0209,0.04425,0.78705
0.14645,0.02085,0.0435,0.7892
0.1436,0.0223,0.04295,0.79115
0.14325,0.0218,0.042,0.79295
0.1425,0.02085,0.04155,0.7951
0.14235,0.01955,0.04215,0.79595
0.1416,0.0187,0.04245,0.79725
0.14155,0.0175,0.0419,0.79905
0.1409,0.01775,0.04,0.80135
0.14055,0.0181,0.0399,0.80145
0.1401,0.01795,0.0394,0.80255
0.13975,0.0179,0.0398,0.80255
0.1381,0.01855,0.039,0.80435
0.13665,0.0191,0.03875,0.8055
0.1375,0.0185,0.03855,0.80545
0.1365,0.0188,0.0383,0.8064
0.1364,0.0192,0.03815,0.80625
0.1365,0.018,0.03775,0.80775
0.1358,0.01775,0.038,0.80845
0.1348,0.01865,0.03645,0.8101
0.1356,0.01825,0.0358,0.81035
0.1356,0.0184,0.0345,0.8115
0.1369,0.0174,0.03425,0.81145
0.13705,0.01815,0.03335,0.81145
0.13805,0.01785,0.0326,0.8115
0.13905,0.01745,0.0319,0.8116
0.13935,0.017,0.0325,0.81115
0.14015,0.01645,0.03225,0.81115
0.14095,0.0159,0.03195,0.8112
0.1415,0.01675,0.0307,0.81105
0.14175,0.01655,0.0302,0.8115
0.14275,0.01665,0.02985,0.81075
0.14305,0.0161,0.03075,0.8101
0.1439,0.01585,0.0305,0.80975
0.14465,0.01755,0.02885,0.80895
0.1455,0.0164,0.0294,0.8087
0.146,0.01625,0.0296,0.80815
0.1481,0.01555,0.0299,0.80645
0.14945,0.01555,0.0305,0.8045
0.15035,0.0155,0.03005,0.8041
0.15025,0.0159,0.0287,0.80515
0.1512,0.0162,0.02785,0.80475
0.15335,0.0146,0.0285,0.80355
0.15485,0.0145,0.02905,0.8016
0.15555,0.01505,0.0283,0.8011
0.15625,0.0142,0.02845,0.8011
0.15715,0.0142,0.02835,0.8003
0.15695,0.0147,0.028,0.80035
0.15855,0.01415,0.02755,0.79975
0.1598,0.0132,0.0281,0.7989
0.16195,0.0127,0.02745,0.7979
0.16305,0.01245,0.0276,0.7969
0.16495,0.01265,0.0263,0.7961
0.16685,0.0124,0.0259,0.79485
0.168,0.01375,0.02445,0.7938
0.16945,0.01365,0.0244,0.7925
0.17075,0.0137,0.02485,0.7907
0.17075,0.01395,0.0253,0.79
0.1717,0.015,0.0247,0.7886
0.1718,0.0152,0.0255,0.7875
0.17255,0.01495,0.02685,0.78565
0.17325,0.0164,0.0266,0.78375
0.1736,0.0164,0.0273,0.7827
0.17455,0.0161,0.02805,0.7813
0.1752,0.01545,0.0288,0.78055
0.1766,0.0157,0.0291,0.7786
0.17635,0.0162,0.0284,0.77905
0.1764,0.017,0.0283,0.7783
0.1768,0.0167,0.02835,0.77815
0.17755,0.0165,0.0291,0.77685
0.17805,0.0172,0.0291,0.77565
0.17975,0.0169,0.02875,0.7746
0.18105,0.01645,0.02915,0.77335
0.1818,0.0171,0.0299,0.7712
0.18155,0.017,0.0293,0.77215
0.18155,0.01845,0.02925,0.77075
0.18205,0.01845,0.0297,0.7698
0.18225,0.0182,0.0295,0.77005
0.1824,0.01825,0.02945,0.7699
0.18285,0.01815,0.03015,0.76885
0.18345,0.01845,0.0309,0.7672
0.1843,0.01815,0.03215,0.7654
0.18505,0.01685,0.03355,0.76455
0.18545,0.01735,0.03385,0.76335
0.18475,0.018,0.0335,0.76375
0.18445,0.01945,0.03375,0.76235
0.1846,0.0204,0.0338,0.7612
0.18425,0.02005,0.03365,0.76205
0.18325,0.02055,0.03395,0.76225
0.1832,0.0214,0.0343,0.7611
0.1825,0.0211,0.0354,0.761
0.18125,0.022,0.0359,0.76085
0.18065,0.0215,0.0361,0.76175
0.1801,0.0219,0.03695,0.76105
0.17995,0.02165,0.0376,0.7608
0.1783,0.02285,0.0376,0.76125
0.1785,0.0224,0.03805,0.76105
0.17875,0.02105,0.0379,0.7623
0.17745,0.0212,0.03685,0.7645
0.17585,0.0219,0.03745,0.7648
0.17455,0.0233,0.0375,0.76465
0.1742,0.0226,0.03905,0.76415
0.1741,0.02185,0.03945,0.7646
0.17455,0.0221,0.039,0.76435
0.1747,0.02215,0.03875,0.7644
0.17395,0.022,0.03915,0.7649
0.1745,0.0207,0.03935,0.76545
0.174,0.0206,0.0395,0.7659
0.17295,0.02145,0.039,0.7666
0.1734,0.02215,0.0384,0.76605
0.1726,0.02205,0.03825,0.7671
0.171,0.02355,0.03895,0.7665
0.1707,0.02365,0.0396,0.76605
0.17075,0.02295,0.03955,0.76675
0.17125,0.0224,0.04015,0.7662
0.16965,0.02365,0.041,0.7657
0.1693,0.02205,0.0425,0.76615
0.1671,0.02325,0.0427,0.76695
0.1652,0.02395,0.042,0.76885
0.16365,0.02445,0.04285,0.76905
0.16305,0.0249,0.04245,0.7696
0.1622,0.02465,0.0424,0.77075
0.16205,0.02355,0.0435,0.7709
0.1606,0.0239,0.0431,0.7724
0.15945,0.0238,0.04415,0.7726
0.1593,0.0241,0.0439,0.7727
0.1603,0.02335,0.04325,0.7731
0.15995,0.02305,0.0435,0.7735
0.1596,0.02345,0.0437,0.77325
0.15935,0.0233,0.04355,0.7738
0.15865,0.0236,0.04335,0.7744
0.159,0.023,0.0434,0.7746
0.1582,0.0226,0.0446,0.7746
0.1572,0.0245,0.04345,0.77485
0.158,0.02435,0.04355,0.7741
0.1578,0.0233,0.04405,0.77485
0.15755,0.02315,0.0446,0.7747
0.1585,0.0234,0.0443,0.7738
0.1575,0.023,0.0449,0.7746
0.15715,0.02275,0.04455,0.77555
0.1557,0.02375,0.0435,0.77705
0.15585,0.02425,0.0433,0.7766
0.15485,0.0257,0.0414,0.77805
0.1547,0.02425,0.04245,0.7786
0.1557,0.0233,0.04285,0.77815
0.15525,0.02305,0.04285,0.77885
0.1559,0.02165,0.0425,0.77995
0.15615,0.02115,0.0428,0.7799
0.155,0.0222,0.0419,0.7809
0.15565,0.02235,0.04075,0.78125
0.156,0.0213,0.0413,0.7814
0.1561,0.0227,0.03965,0.78155
0.15485,0.0236,0.03915,0.7824
0.1557,0.0228,0.03945,0.78205
0.15565,0.02235,0.0396,0.7824
0.15685,0.02085,0.0399,0.7824
0.1575,0.0202,0.0398,0.7825
0.1577,0.0206,0.03955,0.78215
0.15745,0.02055,0.03805,0.78395
0.15725,0.0214,0.03725,0.7841
0.15785,0.0223,0.03635,0.7835
0.1589,0.0217,0.03835,0.78105
0.1602,0.0209,0.03885,0.78005
0.16075,0.0204,0.03885,0.78
0.1606,0.01975,0.03905,0.7806
0.16075,0.01975,0.03975,0.77975
0.1613,0.0197,0.03895,0.78005
0.16195,0.01975,0.03825,0.78005
0.16155,0.02075,0.0374,0.7803
0.1624,0.0205,0.038,0.7791
0.1627,0.02055,0.0386,0.77815
0.16135,0.02185,0.03725,0.77955
0.1621,0.02015,0.0382,0.77955
0.1622,0.0201,0.03905,0.77865
0.1612,0.02115,0.03905,0.7786
0.1602,0.0213,0.0391,0.7794
0.15965,0.0215,0.03875,0.7801
0.15985,0.02135,0.03885,0.77995
0.1597,0.0214,0.03835,0.78055
0.15955,0.02165,0.0381,0.7807
0.1593,0.0222,0.0375,0.781
0.15965,0.0207,0.0391,0.78055
0.1606,0.0194,0.0393,0.7807
0.1595,0.02055,0.0391,0.78085
0.1578,0.0227,0.0373,0.7822
0.15735,0.0218,0.03745,0.7834
0.15775,0.02065,0.0383,0.7833
0.1586,0.0207,0.03795,0.78275
0.1584,0.0212,0.03625,0.78415
0.1579,0.0224,0.0358,0.7839
0.15795,0.0223,0.0364,0.78335
0.1586,0.02135,0.0369,0.78315
0.1585,0.0204,0.0377,0.7834
0.1581,0.021,0.0381,0.7828
0.1596,0.01925,0.0382,0.78295
0.1615,0.0189,0.03875,0.78085
0.1606,0.01965,0.0393,0.78045
0.16085,0.0212,0.0371,0.78085
0.1617,0.02065,0.0371,0.78055
0.1616,0.02115,0.0379,0.77935
0.16115,0.02205,0.03805,0.77875
0.1602,0.0221,0.03815,0.77955
0.16025,0.02125,0.03835,0.78015
0.1598,0.02155,0.0381,0.78055
0.1597,0.0208,0.0388,0.7807
0.161,0.02025,0.0386,0.78015
0.1618,0.02015,0.0385,0.77955
0.16095,0.02085,0.03915,0.77905
0.1607,0.0218,0.039,0.7785
0.1596,0.0217,0.03915,0.77955
0.15905,0.02135,0.04055,0.77905
0.15855,0.0221,0.0409,0.77845
0.15795,0.02165,0.04115,0.77925
0.1582,0.02175,0.0415,0.77855
0.15845,0.02245,0.0409,0.7782
0.1563,0.02335,0.0409,0.77945
0.15565,0.0234,0.0404,0.78055
0.15565,0.0227,0.04085,0.7808
0.1539,0.02295,0.0408,0.78235
0.15395,0.02325,0.04105,0.78175
0.1535,0.02285,0.0421,0.78155
0.1527,0.0223,0.0418,0.7832
0.15355,0.021,0.0424,0.78305
0.1532,0.0216,0.0428,0.7824
0.15205,0.0226,0.04095,0.7844
0.1537,0.0225,0.0402,0.7836
0.1535,0.0234,0.03985,0.78325
0.15375,0.023,0.0401,0.78315
0.15335,0.022,0.0404,0.78425
0.15445,0.021,0.0414,0.78315
0.1543,0.0214,0.0415,0.7828
0.15405,0.0207,0.0412,0.78405
0.1537,0.02095,0.0408,0.78455
0.15325,0.02095,0.04085,0.78495
0.1539,0.02075,0.04005,0.7853
0.1535,0.0223,0.03945,0.78475
0.1533,0.0229,0.0389,0.7849
0.1539,0.0222,0.03895,0.78495
0.15445,0.02135,0.0385,0.7857
0.15435,0.02095,0.03945,0.78525
0.15515,0.02045,0.03825,0.78615
0.15455,0.0203,0.03815,0.787
0.155,0.0202,0.0383,0.7865
0.1555,0.01995,0.0378,0.78675
0.1557,0.0195,0.0373,0.7875
0.15675,0.0199,0.03705,0.7863
0.15775,0.0199,0.03665,0.7857
0.1584,0.0187,0.0368,0.7861
0.15975,0.01875,0.0361,0.7854
0.1592,0.01955,0.0356,0.78565
0.1599,0.02035,0.0357,0.78405
0.1592,0.02035,0.0345,0.78595
0.15985,0.01975,0.03585,0.78455
0.16,0.01925,0.03655,0.7842
0.1606,0.0201,0.0359,0.7834
0.16065,0.0207,0.03615,0.7825
0.16085,0.0202,0.0368,0.78215
0.1612,0.0193,0.03745,0.78205
0.1626,0.01885,0.03695,0.7816
0.1624,0.02045,0.0364,0.78075
0.16255,0.0205,0.0353,0.78165
0.1613,0.0204,0.03655,0.78175
0.16135,0.0203,0.0378,0.78055
0.1618,0.0196,0.03745,0.78115
0.16275,0.0196,0.0357,0.78195
0.1622,0.0201,0.03695,0.78075
0.16145,0.02145,0.03665,0.78045
0.16225,0.02145,0.037,0.7793
0.1627,0.0213,0.0362,0.7798
0.1642,0.02075,0.0362,0.77885
0.16375,0.0211,0.0364,0.77875
0.1652,0.02005,0.03635,0.7784
0.1652,0.0196,0.03705,0.77815
0.16425,0.02005,0.03675,0.77895
0.1639,0.01995,0.03735,0.7788
0.16325,0.0209,0.03655,0.7793
0.16265,0.02135,0.03725,0.77875
0.16335,0.0207,0.03755,0.7784
0.16475,0.0207,0.0376,0.77695
0.1646,0.0202,0.0378,0.7774
0.1642,0.0205,0.03725,0.77805
0.1645,0.02145,0.03665,0.7774
0.1651,0.0214,0.03595,0.77755
0.16645,0.02005,0.0369,0.7766
0.16725,0.019,0.038,0.77575
0.16665,0.01925,0.03605,0.77805
0.1665,0.01945,0.03635,0.7777
0.16735,0.01915,0.03625,0.77725
0.1684,0.01955,0.0359,0.77615
0.16805,0.02045,0.03565,0.77585
0.1682,0.02075,0.0347,0.77635
0.16825,0.02125,0.03485,0.77565
0.16705,0.0214,0.0355,0.77605
0.1677,0.02075,0.03655,0.775
0.1678,0.0204,0.03745,0.77435
0.16845,0.02045,0.03805,0.77305
0.16845,0.0214,0.0375,0.77265
0.16865,0.02075,0.03785,0.77275
0.16965,0.02105,0.0372,0.7721
0.1703,0.0208,0.03815,0.77075
0.1705,0.02055,0.03765,0.7713
0.16995,0.01965,0.0391,0.7713
0.1692,0.0203,0.03885,0.77165
0.16815,0.02155,0.03855,0.77175
0.16815,0.02255,0.03895,0.77035
0.1687,0.0231,0.0384,0.7698
0.16875,0.0233,0.0395,0.76845
0.16805,0.0228,0.0409,0.76825
0.1686,0.0219,0.041,0.7685
0.1679,0.0218,0.0404,0.7699
0.16795,0.02165,0.0399,0.7705
0.16805,0.02185,0.0396,0.7705
0.16765,0.02285,0.03925,0.77025
0.167,0.02405,0.039,0.76995
0.1655,0.02445,0.0397,0.77035
0.16525,0.0245,0.0395,0.77075
0.16525,0.024,0.03995,0.7708
0.1644,0.02435,0.0402,0.77105
0.1651,0.02355,0.0417,0.76965
0.16445,0.023,0.0425,0.77005
0.1634,0.0227,0.04335,0.77055
0.1624,0.024,0.04225,0.77135
0.16285,0.02275,0.0427,0.7717
0.16185,0.0241,0.0424,0.77165
0.1609,0.0244,0.04225,0.77245
0.15925,0.0235,0.0431,0.77415
0.15895,0.0228,0.04345,0.7748
0.159,0.0229,0.04345,0.77465
0.1583,0.023,0.0437,0.775
0.1581,0.0235,0.0418,0.7766
0.15785,0.02415,0.0409,0.7771
0.15775,0.02315,0.0419,0.7772
0.15765,0.0224,0.0435,0.77645
0.1562,0.0227,0.0442,0.7769
0.15595,0.0232,0.04315,0.7777
0.156,0.02375,0.04195,0.7783
0.15715,0.02305,0.04245,0.77735
0.1573,0.0222,0.04325,0.77725
0.1563,0.02295,0.04245,0.7783
0.1556,0.0232,0.043,0.7782
0.15535,0.02295,0.0415,0.7802
0.1538,0.0235,0.04165,0.78105
0.1535,0.0237,0.04175,0.78105
0.1548,0.02305,0.04215,0.78
0.15375,0.0235,0.04175,0.781
0.15415,0.02275,0.0419,0.7812
0.1544,0.0225,0.0425,0.7806
0.15455,0.022,0.0417,0.78175
0.1543,0.0214,0.042,0.7823
0.1552,0.02055,0.0426,0.78165
0.15655,0.02,0.04145,0.782
0.15755,0.0205,0.0417,0.78025
0.15805,0.02115,0.0409,0.7799
0.1579,0.02105,0.0409,0.78015
0.1576,0.021,0.0414,0.78
0.15765,0.0218,0.0406,0.77995
0.1571,0.02205,0.0395,0.78135
0.15705,0.0217,0.03875,0.7825
0.1573,0.0203,0.0389,0.7835
0.15855,0.0197,0.0382,0.78355
0.1586,0.0207,0.03735,0.78335
0.15855,0.0221,0.0366,0.78275
0.15885,0.0216,0.03765,0.7819
0.1592,0.02195,0.03745,0.7814
0.15925,0.0228,0.03835,0.7796
0.15945,0.02245,0.038,0.7801
0.1603,0.02165,0.03815,0.7799
0.16065,0.02115,0.03895,0.77925
0.16075,0.02135,0.039,0.7789
0.16245,0.02025,0.03905,0.77825
0.16165,0.02155,0.0383,0.7785
0.16115,0.02205,0.0388,0.778
0.1617,0.02125,0.0393,0.77775
0.1631,0.0206,0.03905,0.77725
0.1643,0.0201,0.0397,0.7759
0.1639,0.021,0.03915,0.77595
0.1642,0.02095,0.0386,0.77625
0.1651,0.02015,0.03905,0.7757
0.16595,0.0202,0.03905,0.7748
0.16465,0.0215,0.03835,0.7755
0.1651,0.0217,0.0378,0.7754
0.16585,0.0214,0.03725,0.7755
0.1657,0.0216,0.0369,0.7758
0.1646,0.02305,0.03665,0.7757
0.16475,0.0225,0.03805,0.7747
0.1647,0.0226,0.038,0.7747
0.16525,0.0219,0.03885,0.774
0.1649,0.02265,0.03935,0.7731
0.16445,0.02375,0.0396,0.7722
0.1636,0.0237,0.04035,0.77235
0.1632,0.02375,0.0406,0.77245
0.163,0.0228,0.0409,0.7733
0.16315,0.02265,0.0411,0.7731
0.16245,0.0232,0.0415,0.77285
0.16295,0.02195,0.0422,0.7729
0.1637,0.0218,0.0431,0.7714
0.16445,0.02225,0.04125,0.77205
0.16295,0.02415,0.0405,0.7724
0.1629,0.0242,0.0405,0.7724
0.1632,0.0226,0.04125,0.77295
0.1637,0.02325,0.041,0.77205
0.1638,0.0232,0.0413,0.7717
0.16475,0.0224,0.04145,0.7714
0.1647,0.0215,0.0423,0.7715
0.16395,0.0219,0.0418,0.77235
0.16475,0.0219,0.04225,0.7711
0.1636,0.0218,0.04265,0.77195
0.163,0.02235,0.0417,0.77295
0.1633,0.02185,0.04185,0.773
0.16285,0.02155,0.0425,0.7731
0.16355,0.0213,0.04255,0.7726
0.16495,0.02105,0.04305,0.77095
0.1646,0.02125,0.0431,0.77105
0.1636,0.02225,0.0426,0.77155
0.1626,0.0228,0.04265,0.77195
0.16175,0.02345,0.04265,0.77215
0.1615,0.0238,0.0411,0.7736
0.1608,0.0246,0.0418,0.7728
0.1605,0.0243,0.0423,0.7729
0.1599,0.02355,0.04295,0.7736
0.16085,0.02325,0.0428,0.7731
0.1602,0.02405,0.04295,0.7728
0.16045,0.0239,0.04315,0.7725
0.1602,0.02265,0.04315,0.774
0.1598,0.02245,0.0431,0.77465
0.15965,0.0225,0.0435,0.77435
0.15945,0.02375,0.0426,0.7742
0.15925,0.0238,0.04245,0.7745
0.1603,0.0232,0.0423,0.7742
0.1598,0.0227,0.04265,0.77485
0.1587,0.02335,0.04325,0.7747
0.1579,0.02365,0.0435,0.77495
0.15845,0.02275,0.0439,0.7749
0.1581,0.02315,0.0434,0.77535
0.15865,0.0225,0.0422,0.77665
0.1586,0.0223,0.04185,0.77725
0.1587,0.0225,0.0417,0.7771
0.15955,0.0227,0.0418,0.77595
0.1601,0.02195,0.0416,0.77635
0.16045,0.0219,0.0418,0.77585
0.1589,0.0233,0.04205,0.77575
0.1575,0.0247,0.04185,0.77595
0.15825,0.0235,0.04255,0.7757
0.1571,0.0243,0.0421,0.7765
0.157,0.0245,0.042,0.7765
0.15695,0.02515,0.04215,0.77575
0.15655,0.0245,0.0424,0.77655
0.15605,0.02505,0.04075,0.77815
0.15585,0.02445,0.041,0.7787
0.15625,0.02425,0.0411,0.7784
0.1557,0.0228,0.0427,0.7788
0.1556,0.02205,0.04395,0.7784
0.15575,0.0228,0.04415,0.7773
0.156,0.0231,0.0425,0.7784
0.15615,0.02235,0.0423,0.7792
0.1563,0.02315,0.04135,0.7792
0.157,0.0227,0.0411,0.7792
0.1574,0.0222,0.04085,0.77955
0.1568,0.0231,0.03985,0.78025
0.1583,0.02225,0.04025,0.7792
0.15845,0.0211,0.042,0.77845
0.1591,0.0215,0.04085,0.77855
0.1585,0.02115,0.0412,0.77915
0.15865,0.02115,0.04135,0.77885
0.1594,0.0208,0.04065,0.77915
0.15935,0.02145,0.0394,0.7798
0.1592,0.02175,0.0395,0.77955
0.1599,0.02125,0.0391,0.77975
0.15965,0.0207,0.03885,0.7808
0.15915,0.0207,0.03855,0.7816
0.15885,0.02135,0.0381,0.7817
0.15975,0.02065,0.03795,0.78165
0.1591,0.02035,0.0383,0.78225
0.1592,0.02135,0.037,0.78245
0.15935,0.02135,0.03715,0.78215
0.15865,0.0213,0.03765,0.7824
0.1579,0.0217,0.03665,0.78375
0.1583,0.0215,0.03705,0.78315
0.1595,0.02055,0.038,0.78195
0.1602,0.02115,0.0381,0.78055
0.16045,0.02095,0.0379,0.7807
0.16045,0.02095,0.03815,0.78045
0.16125,0.0212,0.0376,0.77995
0.1615,0.0211,0.0376,0.7798
0.1619,0.02105,0.03795,0.7791
0.16255,0.02125,0.03765,0.77855
0.1633,0.02115,0.0379,0.77765
0.16325,0.0212,0.03785,0.7777
0.16355,0.02045,0.03815,0.77785
0.16475,0.0197,0.03905,0.7765
0.1655,0.0191,0.03935,0.77605
0.1658,0.02165,0.03725,0.7753
0.16675,0.0215,0.0371,0.77465
0.1673,0.0206,0.03755,0.77455
0.16805,0.01985,0.0374,0.7747
0.1684,0.01985,0.0379,0.77385
0.1679,0.021,0.03745,0.77365
0.16825,0.0216,0.0366,0.77355
0.1678,0.02175,0.03715,0.7733
0.1672,0.02145,0.0382,0.77315
0.1672,0.0216,0.03895,0.77225
0.1681,0.0207,0.0391,0.7721
0.1669,0.0217,0.03845,0.77295
0.1674,0.02245,0.0384,0.77175
0.1675,0.02335,0.03765,0.7715
0.1659,0.02305,0.03955,0.7715
0.1651,0.0227,0.0411,0.7711
0.1655,0.02225,0.0406,0.77165
0.1651,0.023,0.0403,0.7716
0.16465,0.02325,0.0409,0.7712
0.1645,0.02375,0.04065,0.7711
0.1638,0.0229,0.0415,0.7718
